GF1_WFV1_E102.0_N28.0_20140302_L2A0000280476.tiff 100.906 29.1078 26.8528 102.913
GF1_WFV1_E104.1_S0.6_20151012_L2A0001096133.tiff 103.194 0.565048 -1.72325 104.871
GF1_WFV1_E104.3_N12.9_20140522_L2A0000356326.tiff 103.355 14.0091 11.738 105.123
GF1_WFV1_E104.8_N51.3_20150617_L2A0000979951.tiff 103.214 52.4468 50.1815 106.008
GF1_WFV1_E114.4_N38.0_20130505_L2A0000029007.tiff 113.236 39.1032 36.9114 115.384
GF1_WFV1_E115.1_N49.6_20140423_L2A0000314913.tiff 113.627 50.7746 48.5121 116.226
GF1_WFV1_E116.5_N19.6_20130508_L2A0000022031.tiff 115.521 20.688 18.4859 117.286
GF1_WFV1_E119.1_N36.3_20131118_L2A0000117883.tiff 118.098 37.4975 35.2742 119.955
GF1_WFV1_E120.2_N53.0_20150705_L2A0000939154.tiff 118.647 54.0947 51.8248 121.464
GF1_WFV1_E124.1_N49.6_20130516_L2A0000022014.tiff 122.698 50.7547 48.5517 125.263
GF1_WFV1_E142.0_S37.4_20131230_L2A0000356302.tiff 141.046 -36.2089 -38.5218 142.799
GF1_WFV1_E68.0_N57.9_20130705_L2A0000356197.tiff 66.2104 59.0747 56.7809 69.4088
GF1_WFV1_E73.7_N56.3_20130712_L2A0000356200.tiff 71.9471 57.4259 55.14 75.0595
GF1_WFV1_E82.0_N7.8_20150102_L2A0000566561.tiff 81.0018 8.97324 6.6954 82.7436
GF1_WFV1_E82.1_N51.3_20130519_L2A0000021953.tiff 80.5924 52.4134 50.2066 83.2342
GF1_WFV1_E82.2_N44.7_20130803_L2A0000118101.tiff 80.566 45.8022 43.5271 83.409
GF1_WFV1_E87.1_N41.3_20130709_L2A0000143664.tiff 85.8012 42.4751 40.2216 88.156
GF1_WFV1_E88.6_N28.0_20141208_L2A0000845193.tiff 87.6053 29.0821 26.8309 89.5035
GF1_WFV1_E99.4_N36.3_20140716_L2A0000278923.tiff 98.2082 37.4591 35.2092 100.372
GF1_WFV1_W158.9_N21.3_20160806_L2A0001750182.tiff -160.105 22.446 20.1501 -157.92
GF1_WFV1_W48.2_S5.6_20140506_L2A0000228109.tiff -49.1226 -4.46584 -6.76327 -47.4422
GF1_WFV1_W50.9_S17.4_20140506_L2A0000227311.tiff -51.811 -16.1909 -18.5114 -50.0744
GF1_WFV1_W59.9_S17.4_20140528_L2A0000238651.tiff -60.8629 -16.174 -18.4995 -59.0751
GF1_WFV1_W62.5_S10.6_20140610_L2A0000253147.tiff -63.4364 -9.47623 -11.788 -61.6786
GF1_WFV1_W83.1_N41.3_20140820_L2A0000320017.tiff -84.3463 42.4534 40.2018 -82.093
GF1_WFV1_W85.7_N36.3_20140522_L2A0000356325.tiff -86.9133 37.4566 35.2057 -84.77
GF1_WFV1_W90.3_N36.3_20140821_L2A0000320015.tiff -91.4773 37.4482 35.1977 -89.374
GF1_WFV1_W94.4_N41.3_20140425_L2A0000356317.tiff -95.6748 42.4542 40.2022 -93.4198
GF1_WFV2_E103.9_N9.2_20140314_L2A0000185484.tiff 103.282 10.404 8.1823 104.739
GF1_WFV2_E104.3_N34.3_20130604_L2A0000022101.tiff 103.459 35.3846 33.1762 104.987
GF1_WFV2_E105.1_S4.3_20151012_L2A0001096136.tiff 104.465 -3.21118 -5.42522 105.775
GF1_WFV2_E105.8_N24.3_20140723_L2A0000305784.tiff 105.09 25.3569 23.1478 106.531
GF1_WFV2_E109.1_N39.3_20140428_L2A0000314921.tiff 108.217 40.3989 38.1803 109.851
GF1_WFV2_E112.1_N0.7_20151011_L2A0001094728.tiff 111.457 1.83434 -0.377674 112.769
GF1_WFV2_E115.5_N42.6_20140423_L2A0000314906.tiff 114.571 43.7283 41.5042 116.28
GF1_WFV2_E115.7_N34.3_20130505_L2A0000017082.tiff 114.924 35.3712 33.2169 116.47
GF1_WFV2_E119.2_N29.3_20130813_L2A0000143660.tiff 118.435 30.4192 28.2071 119.906
GF1_WFV2_E127.2_N45.9_20140704_L2A0000309976.tiff 126.188 47.0587 44.825 128.079
GF1_WFV2_E26.9_S9.4_20130510_L2A0000017752.tiff 26.265 -8.28217 -10.4381 27.5446
GF1_WFV2_E31.2_S21.1_20140220_L2A0000169218.tiff 30.4727 -19.9905 -22.2186 31.9214
GF1_WFV2_E31.6_N12.8_20130510_L2A0000017753.tiff 30.9008 13.857 11.7083 32.2059
GF1_WFV2_E45.2_N32.6_20131130_L2A0000123045.tiff 44.1075 33.6759 31.442 46.0556
GF1_WFV2_E72.2_N57.5_20130725_L2A0000356150.tiff 70.9547 58.6165 56.3339 73.2497
GF1_WFV2_E77.8_N36.0_20150724_L2A0000971862.tiff 76.962 37.0603 34.849 78.5228
GF1_WFV2_E80.0_N22.6_20140314_L2A0000356282.tiff 79.2477 23.6844 21.4747 80.7119
GF1_WFV2_W102.1_N37.6_20140517_L2A0000244678.tiff -102.995 38.7339 36.517 -101.372
GF1_WFV2_W50.1_S24.5_20140510_L2A0000222530.tiff -50.7888 -23.3427 -25.5726 -49.3429
GF1_WFV2_W55.4_S31.1_20140527_L2A0000356274.tiff -56.1797 -30.0178 -32.2591 -54.62
GF1_WFV2_W56.4_S21.1_20140613_L2A0000253149.tiff -57.1113 -19.9911 -22.2191 -55.6642
GF1_WFV2_W70.8_N19.2_20140801_L2A0000292230.tiff -71.5102 20.3227 18.1142 -70.1334
GF1_WFV2_W84.0_N34.3_20140522_L2A0000356275.tiff -84.8378 35.3978 33.1838 -83.2567
GF1_WFV2_W86.7_N39.3_20140825_L2A0000320025.tiff -87.5288 40.3995 38.1804 -85.8878
GF1_WFV3_E100.8_N23.9_20131121_L2A0000252255.tiff 100.132 25.008 22.7754 101.577
GF1_WFV3_E103.0_N5.4_20150103_L2A0000566131.tiff 102.345 6.51009 4.29918 103.659
GF1_WFV3_E103.3_N18.9_20140523_L2A0000356148.tiff 102.632 19.9817 17.7547 104.014
GF1_WFV3_E111.8_N20.6_20140123_L2A0000161278.tiff 111.16 21.6475 19.4245 112.522
GF1_WFV3_E114.0_N10.5_20150529_L2A0000980257.tiff 113.345 11.5818 9.36039 114.715
GF1_WFV3_E114.1_N2.1_20151011_L2A0001094727.tiff 113.423 3.17666 0.961228 114.733
GF1_WFV3_E121.7_N27.2_20160801_L2A0001735665.tiff 120.95 28.3563 26.0888 122.538
GF1_WFV3_E128.2_N58.6_20130517_L2A0000022013.tiff 127.253 59.7416 57.4608 129.219
GF1_WFV3_E133.2_N40.6_20160820_L2A0001774408.tiff 132.341 41.6929 39.4442 134.008
GF1_WFV3_E152.3_S33.2_20131017_L2A0000099090.tiff 151.481 -32.1082 -34.327 153.074
GF1_WFV3_E166.1_S14.8_20150314_L2A0000696278.tiff 165.408 -13.5594 -15.8041 167.044
GF1_WFV3_E66.9_N51.0_20130815_L2A0000356140.tiff 65.9573 52.1543 49.8509 67.8428
GF1_WFV3_E74.7_N53.4_20130826_L2A0000356161.tiff 73.7639 54.5708 52.2564 75.6783
GF1_WFV3_E77.1_N58.6_20130814_L2A0000356153.tiff 76.0633 59.7663 57.4117 78.1533
GF1_WFV3_E87.8_N2.1_20140316_L2A0000184430.tiff 87.0221 3.04959 0.841449 88.4055
GF1_WFV3_E89.3_N35.6_20140702_L2A0000845154.tiff 88.5083 36.7033 34.4559 90.0842
GF1_WFV3_E99.0_N3.8_20160522_L2A0001599283.tiff 98.3213 4.85927 2.64326 99.6331
GF1_WFV3_W46.5_S11.4_20140612_L2A0000253070.tiff -47.1674 -10.2863 -12.4999 -45.7664
GF1_WFV3_W47.1_S19.8_20140510_L2A0000222534.tiff -47.8344 -18.6829 -20.8949 -46.4053
GF1_WFV3_W52.1_S9.7_20140613_L2A0000253109.tiff -52.7554 -8.6049 -10.819 -51.3627
GF1_WFV3_W54.2_S19.8_20140613_L2A0000253104.tiff -54.9493 -18.6862 -20.8989 -53.486
GF1_WFV3_W55.1_S23.6_20140613_L2A0000253139.tiff -55.8246 -22.5058 -24.7191 -54.3214
GF1_WFV3_W92.2_N35.6_20140822_L2A0000320024.tiff -92.963 36.7098 34.4629 -91.4509
GF1_WFV3_W96.1_N30.6_20140516_L2A0000244661.tiff -96.8411 31.7041 29.4644 -95.3726
GF1_WFV4_E106.0_N26.9_20130616_L2A0000262259.tiff 105.287 27.9665 25.6861 106.855
GF1_WFV4_E107.0_N30.2_20130929_L2A0000139657.tiff 106.199 31.3301 28.9745 108.021
GF1_WFV4_E109.6_N18.5_20140510_L2A0000286067.tiff 108.754 19.6342 17.2882 110.551
GF1_WFV4_E111.3_N30.2_20150506_L2A0000895933.tiff 110.444 31.3172 28.9571 112.327
GF1_WFV4_E114.4_S8.4_20130821_L2A0000087450.tiff 113.616 -7.25024 -9.54048 115.375
GF1_WFV4_E114.9_N23.5_20141008_L2A0000508173.tiff 114.078 24.6337 22.2905 115.904
GF1_WFV4_E115.1_S1.6_20151011_L2A0001094740.tiff 114.332 -0.527457 -2.81524 116.011
GF1_WFV4_E116.1_N3.4_20151011_L2A0001094729.tiff 115.385 4.51757 2.22228 117.056
GF1_WFV4_E116.9_N6.8_20151011_L2A0001094742.tiff 116.101 7.87887 5.57775 117.776
GF1_WFV4_E118.5_N15.1_20160716_L2A0001705819.tiff 117.569 16.2432 13.8373 119.67
GF1_WFV4_E121.6_N23.5_20140130_L2A0000417191.tiff 120.8 24.6448 22.3057 122.577
GF1_WFV4_E121.8_N18.5_20130508_L2A0000017773.tiff 121.039 19.6016 17.3428 122.712
GF1_WFV4_E126.2_N30.2_20160817_L2A0001769953.tiff 125.281 31.3128 28.9513 127.186
GF1_WFV4_E132.4_N53.2_20160507_L2A0001572627.tiff 131.284 54.3808 51.8839 133.677
GF1_WFV4_E168.7_S13.5_20150314_L2A0000696289.tiff 167.639 -12.246 -14.6497 170.273
GF1_WFV4_E89.3_N43.4_20130714_L2A0000063081.tiff 88.3144 44.5706 42.1473 90.4417
GF1_WFV4_W100.3_N45.1_20140522_L2A0000244682.tiff -101.242 46.2331 43.8096 -99.1417
GF1_WFV4_W152.9_N21.9_20160806_L2A0001748198.tiff -153.624 22.9769 20.6872 -151.984
GF1_WFV4_W155.2_N20.2_20160721_L2A0001718813.tiff -156.005 21.299 18.9831 -154.287
GF1_WFV4_W43.1_S6.4_20140506_L2A0000227312.tiff -43.8317 -5.29601 -7.57932 -42.1217
GF1_WFV4_W45.2_S19.9_20140510_L2A0000222535.tiff -46.0474 -18.749 -21.016 -44.1881
GF1_WFV4_W67.3_N18.5_20140801_L2A0000292229.tiff -68.1069 19.6312 17.308 -66.4049
GF1_WFV4_W84.3_N38.5_20140523_L2A0000356168.tiff -85.2499 39.6312 37.2417 -83.2744
GF1_WFV4_W97.5_N38.5_20140517_L2A0000244685.tiff -98.3556 39.6351 37.248 -96.3979
