S2A_MSIL1C_20180429T032541_N0206_R018_T49SCV_20180429T062304.tif 108.7776035334799 36.12427601126196 110.00972076437456 35.15084307084326
S2A_MSIL1C_20180722T030541_N0206_R075_T49RFP_20180722T060550.tif 112.0445211297571 30.728866879457048 113.1690387798365 29.72442794531211
S2A_MSIL1C_20180729T025551_N0206_R032_T49RGL_20180729T055945.tif 113.0336697502298 28.010386695855424 114.12117667006098 26.999566523800926
S2A_MSIL1C_20180816T053641_N0206_R005_T44TKK_20180816T093424.tif 77.45453629854019 40.596401468463434 78.7832353434609 39.64044856259277
S2A_MSIL1C_20180824T031541_N0206_R118_T50TKL_20180824T061636.tif 113.40587544816755 41.49564643530685 114.75381388160712 40.54090999438339
S2A_MSIL1C_20180827T032541_N0206_R018_T48RYV_20180827T062627.tif 107.10807257691954 31.618142684810298 108.23062881052273 30.60467207946373
S2A_MSIL1C_20180930T030541_N0206_R075_T49QDD_20180930T060706.tif 110.03286652659195 21.700596469558366 111.09373135431963 20.711301980581798
S2A_MSIL1C_20180930T044701_N0206_R076_T45SXR_20180930T074413.tif 88.06487986420541 32.532846626207565 89.20965184507371 31.527674256169558
S2A_MSIL1C_20190328T033701_N0207_R061_T49TCF_20190328T071457.tif 108.60281738078888 41.52685230104365 109.93458452433045 40.55783709881678
S2A_MSIL1C_20190602T021611_N0207_R003_T52TES_20190602T042019.tif 128.99973715756218 46.95370917874309 130.4166561015998 45.95676985860871
S2A_MSIL1C_20190630T045701_N0207_R119_T45SWC_20190630T080543.tif 86.99976952020704 38.848998483385635 88.24786540871882 37.85282950285558
S2A_MSIL1C_20190714T043711_N0208_R033_T46TFN_20190714T073938.tif 94.23381213775689 43.34620000938223 95.54663057229 42.33578223880906
S2A_MSIL1C_20190812T032541_N0208_R018_T48RXU_20190812T070322.tif 106.04452112975717 30.728866879457048 107.16903877983657 29.72442794531211
S2A_MSIL1C_20190815T051651_N0208_R062_T44TPN_20190815T090034.tif 82.23381213775687 43.34620000938223 83.54663057228998 42.33578223880906
S2A_MSIL1C_20190819T031541_N0208_R118_T49SFU_20190819T065332.tif 112.09904081237147 35.238087535407686 113.27782862932672 34.23175734709451
S2A_MSIL1C_20190916T023551_N0208_R089_T50RQS_20190916T042547.tif 119.05102186816842 28.912660134841897 120.14668606778842 27.901192456240718
S2A_MSIL1C_20190928T031541_N0208_R118_T49RBJ_20190928T061248.tif 107.99816220679777 26.18859100326348 109.11184759407884 25.216351118033373
S2A_MSIL1C_20191001T050701_N0208_R019_T45TXN_20191002T142939.tif 88.33660021996316 47.84592105161645 89.75108499860798 46.83262831878179
S2A_MSIL1C_20191002T025551_N0208_R032_T50TQQ_20191002T054113.tif 119.54263135723299 45.125524882500635 120.86998676644654 44.09977091774658
S2A_MSIL1C_20191023T040821_N0208_R047_T47TQF_20191023T074550.tif 101.39670358585087 41.526862291004825 102.65555501440116 40.5048858361439
S2A_MSIL1C_20191105T023901_N0208_R089_T51STR_20191105T054744.tif 119.80704764613976 32.49681353202682 120.9964554220643 31.53107011420109
S2A_MSIL1C_20191118T025011_N0208_R132_T50RMN_20191118T071843.tif 116.00611468166787 25.313383449836053 117.09620124384405 24.325065922581324
S2A_MSIL1C_20191215T042151_N0208_R090_T46RGV_20191215T065406.tif 95.10807257691953 31.618142684810298 96.23062881052272 30.60467207946373
S2A_MSIL1C_20191219T040151_N0208_R004_T47SQU_20191219T055033.tif 101.1971024328338 35.22313291663772 102.36173033406166 34.20681653695984
S2A_MSIL1C_20200222T030731_N0209_R075_T49QEE_20200222T060244.tif 110.99980540161626 22.607037481215915 112.06063698652547 21.61167400245937
S2A_MSIL1C_20200317T024541_N0209_R132_T51TWM_20200317T053350.tif 122.9997371575622 46.95370917874309 124.41665610159983 45.95676985860871
S2A_MSIL1C_20200325T034531_N0209_R104_T47RQL_20200325T065315.tif 101.03366975022985 28.010386695855424 102.121176670061 26.999566523800926
S2A_MSIL1C_20200410T022551_N0209_R046_T51TXG_20200410T042047.tif 124.21599702266889 42.44624086219904 125.51113654687701 41.436336379646605
S2A_MSIL1C_20200416T042701_N0209_R133_T46SFE_20200416T074050.tif 94.11148057532596 36.139740730510006 95.30265790230024 35.13300633161561
S2A_MSIL1C_20200506T024551_N0209_R132_T50SPE_20200506T052918.tif 118.11148057532594 36.139740730510006 119.30265790230021 35.13300633161561
S2A_MSIL1C_20200506T024551_N0209_R132_T51UWS_20200506T043639.tif 122.99971217585129 51.451182205314446 124.54643644145358 50.45352327844135
S2A_MSIL1C_20200528T050701_N0209_R019_T44SPC_20200528T082127.tif 82.08714849339187 34.33683708661102 83.25409237737834 33.33090127950916
S2A_MSIL1C_20201206T041141_N0209_R047_T47SMV_20201206T053320.tif 97.88807490781622 36.1397366040946 99.10715920234419 35.154842645233465
S2A_MSIL1C_20210102T054231_N0209_R005_T43SFB_20210102T065941.tif 76.13807393193169 37.94208531976598 77.35573236945196 36.934510752784284
S2A_MSIL1C_20210126T052111_N0209_R062_T44SNE_20210126T063836.tif 80.99977768505018 36.14489841312975 82.20520375335022 35.148895712021854
S2A_MSIL1C_20210207T023851_N0209_R089_T52UCU_20210207T040210.tif 126.28064150478465 48.72091486899348 127.7964017022414 47.75885537207633
