srtm_01_02 -180.00041666667676 55.0004166182278 -174.99958333334342 49.99958328489447
srtm_01_07 -180.00041669089114 30.000417247801863 -174.9995833575578 24.99958391446853
srtm_01_12 -180.00041669089114 5.0004166424421905 -174.9995833575578 -0.00041669089114293456
srtm_01_15 -180.00041666667676 -9.999582994342006 -174.99958333334342 -15.000416327675339
srtm_01_16 -180.00041666667676 -14.999583115413941 -174.99958333334342 -20.000416448747274
srtm_01_17 -180.00041666667676 -19.999583236485876 -174.99958333334342 -25.00041656981921
srtm_01_18 -180.00041666667676 -24.99958335755781 -174.99958333334342 -30.000416690891143
srtm_01_19 -180.00041669089114 -29.99958311541394 -174.9995833575578 -35.00041644874727
srtm_01_21 -180.00041669089114 -39.99958335755781 -174.9995833575578 -45.00041669089114
srtm_02_01 -175.00041654560482 60.00041673929974 -169.9995832122715 54.999583405966405
srtm_02_02 -175.00041654560482 55.0004166182278 -169.9995832122715 49.99958328489447
srtm_02_07 -175.0004165698192 30.000417247801863 -169.99958323648588 24.99958391446853
srtm_02_13 -175.00041654560482 0.0004172478018640291 -169.9995832122715 -5.000416085531469
srtm_02_14 -175.00041654560482 -4.999582873270071 -169.9995832122715 -10.000416206603404
srtm_02_15 -175.00041654560482 -9.999582994342006 -169.9995832122715 -15.000416327675339
srtm_02_16 -175.00041654560482 -14.999583115413941 -169.9995832122715 -20.000416448747274
srtm_02_17 -175.00041654560482 -19.999583236485876 -169.9995832122715 -25.00041656981921
srtm_03_01 -170.0004164245329 60.00041673929974 -164.99958309119955 54.999583405966405
srtm_03_02 -170.0004164245329 55.0004166182278 -164.99958309119955 49.99958328489447
srtm_03_08 -170.00041644874727 25.00041712672993 -164.99958311541394 19.999583793396596
srtm_03_09 -170.00041644874727 20.000417005657994 -164.99958311541394 14.999583672324661
srtm_03_15 -170.0004164245329 -9.999582994342006 -164.99958309119955 -15.000416327675339
srtm_03_16 -170.0004164245329 -14.999583115413941 -164.99958309119955 -20.000416448747274
srtm_04_01 -165.00041630346095 60.00041673929974 -159.99958297012762 54.999583405966405
srtm_04_02 -165.00041630346095 55.0004166182278 -159.99958297012762 49.99958328489447
srtm_04_08 -165.00041632767534 25.00041712672993 -159.999582994342 19.999583793396596
srtm_04_11 -165.00041632767534 10.000416763514124 -159.999582994342 4.999583430180791
srtm_04_12 -165.00041632767534 5.0004166424421905 -159.999582994342 -0.00041669089114293456
srtm_04_14 -165.00041630346095 -4.999582873270071 -159.99958297012762 -10.000416206603404
srtm_04_15 -165.00041630346095 -9.999582994342006 -159.99958297012762 -15.000416327675339
srtm_04_16 -165.00041630346095 -14.999583115413941 -159.99958297012762 -20.000416448747274
srtm_05_01 -160.00041618238902 60.00041673929974 -154.99958284905568 54.999583405966405
srtm_05_02 -160.00041618238902 55.0004166182278 -154.99958284905568 49.99958328489447
srtm_05_08 -160.0004162066034 25.00041712672993 -154.99958287327007 19.999583793396596
srtm_05_09 -160.0004162066034 20.000417005657994 -154.99958287327007 14.999583672324661
srtm_05_12 -160.0004162066034 5.0004166424421905 -154.99958287327007 -0.00041669089114293456
srtm_05_14 -160.00041618238902 -4.999582873270071 -154.99958284905568 -10.000416206603404
srtm_05_16 -160.00041618238902 -14.999583115413941 -154.99958284905568 -20.000416448747274
srtm_05_17 -160.00041618238902 -19.999583236485876 -154.99958284905568 -25.00041656981921
srtm_06_01 -155.00041606131708 60.00041673929974 -149.99958272798375 54.999583405966405
srtm_06_09 -155.00041608553147 20.000417005657994 -149.99958275219814 14.999583672324661
srtm_06_13 -155.00041606131708 0.0004172478018640291 -149.99958272798375 -5.000416085531469
srtm_06_14 -155.00041606131708 -4.999582873270071 -149.99958272798375 -10.000416206603404
srtm_06_15 -155.00041606131708 -9.999582994342006 -149.99958272798375 -15.000416327675339
srtm_06_16 -155.00041606131708 -14.999583115413941 -149.99958272798375 -20.000416448747274
srtm_06_17 -155.00041606131708 -19.999583236485876 -149.99958272798375 -25.00041656981921
srtm_07_01 -150.00041666667676 60.0004171751587 -144.99958333334342 54.99958384182537
srtm_07_15 -150.00041666667676 -9.99958304277078 -144.99958333334342 -15.000416376104113
srtm_07_16 -150.00041666667676 -14.999583163842715 -144.99958333334342 -20.000416497176047
srtm_07_17 -150.00041666667676 -19.99958328491465 -144.99958333334342 -25.000416618247982
srtm_08_01 -145.00041654560482 60.0004171751587 -139.9995832122715 54.99958384182537
srtm_08_14 -145.00041654560482 -4.9995829216988446 -139.9995832122715 -10.000416255032178
srtm_08_15 -145.00041654560482 -9.99958304277078 -139.9995832122715 -15.000416376104113
srtm_08_16 -145.00041654560482 -14.999583163842715 -139.9995832122715 -20.000416497176047
srtm_08_17 -145.00041654560482 -19.99958328491465 -139.9995832122715 -25.000416618247982
srtm_08_18 -145.00041654560482 -24.999583405986584 -139.9995832122715 -30.000416739319917
srtm_09_01 -140.0004164245329 60.0004171751587 -134.99958309119955 54.99958384182537
srtm_09_14 -140.0004164245329 -4.9995829216988446 -134.99958309119955 -10.000416255032178
srtm_09_15 -140.0004164245329 -9.99958304277078 -134.99958309119955 -15.000416376104113
srtm_09_16 -140.0004164245329 -14.999583163842715 -134.99958309119955 -20.000416497176047
srtm_09_17 -140.0004164245329 -19.99958328491465 -134.99958309119955 -25.000416618247982
srtm_10_01 -135.00041630346095 60.0004171751587 -129.99958297012762 54.99958384182537
srtm_10_02 -135.00041630346095 55.00041705408677 -129.99958297012762 49.999583720753435
srtm_10_17 -135.00041630346095 -19.99958328491465 -129.99958297012762 -25.000416618247982
srtm_10_18 -135.00041630346095 -24.999583405986584 -129.99958297012762 -30.000416739319917
srtm_11_01 -130.00041618238902 60.0004171751587 -124.99958284905568 54.99958384182537
srtm_11_02 -130.00041618238902 55.00041705408677 -124.99958284905568 49.999583720753435
srtm_11_03 -130.00041618238902 50.00041693301483 -124.99958284905568 44.9995835996815
srtm_11_17 -130.00041618238902 -19.99958328491465 -124.99958284905568 -25.000416618247982
srtm_12_01 -125.00041606131708 60.0004171751587 -119.99958272798375 54.99958384182537
srtm_12_02 -125.00041606131708 55.00041705408677 -119.99958272798375 49.999583720753435
srtm_12_03 -125.00041606131708 50.00041693301483 -119.99958272798375 44.9995835996815
srtm_12_04 -125.00041606131708 45.0004168119429 -119.99958272798375 39.999583478609566
srtm_12_05 -125.00041606131708 40.00041669087096 -119.99958272798375 34.99958335753763
srtm_12_06 -125.00041606131708 35.00041656979903 -119.99958272798375 29.999583236465696
srtm_12_17 -125.00041606131708 -19.99958328491465 -119.99958272798375 -25.000416618247982
srtm_13_01 -120.00041666667676 60.00041724780186 -114.99958333334342 54.99958391446853
srtm_13_02 -120.00041666667676 55.00041712672993 -114.99958333334342 49.999583793396596
srtm_13_03 -120.00041666667676 50.000417005657994 -114.99958333334342 44.99958367232466
srtm_13_04 -120.00041666667676 45.00041688458606 -114.99958333334342 39.99958355125273
srtm_13_05 -120.00041666667676 40.000416763514124 -114.99958333334342 34.99958343018079
srtm_13_06 -120.00041666667676 35.00041664244219 -114.99958333334342 29.999583309108857
srtm_13_07 -120.00041669089114 30.000417247801863 -114.99958335755781 24.99958391446853
srtm_13_08 -120.00041669089114 25.00041712672993 -114.99958335755781 19.999583793396596
srtm_14_01 -115.00041654560482 60.00041724780186 -109.99958321227149 54.99958391446853
srtm_14_02 -115.00041654560482 55.00041712672993 -109.99958321227149 49.999583793396596
srtm_14_03 -115.00041654560482 50.000417005657994 -109.99958321227149 44.99958367232466
srtm_14_04 -115.00041654560482 45.00041688458606 -109.99958321227149 39.99958355125273
srtm_14_05 -115.00041654560482 40.000416763514124 -109.99958321227149 34.99958343018079
srtm_14_06 -115.00041654560482 35.00041664244219 -109.99958321227149 29.999583309108857
srtm_14_07 -115.00041656981921 30.000417247801863 -109.99958323648588 24.99958391446853
srtm_14_08 -115.00041656981921 25.00041712672993 -109.99958323648588 19.999583793396596
srtm_14_09 -115.00041656981921 20.000417005657994 -109.99958323648588 14.999583672324661
srtm_15_01 -110.00041642453289 60.00041724780186 -104.99958309119955 54.99958391446853
srtm_15_02 -110.00041642453289 55.00041712672993 -104.99958309119955 49.999583793396596
srtm_15_03 -110.00041642453289 50.000417005657994 -104.99958309119955 44.99958367232466
srtm_15_04 -110.00041642453289 45.00041688458606 -104.99958309119955 39.99958355125273
srtm_15_05 -110.00041642453289 40.000416763514124 -104.99958309119955 34.99958343018079
srtm_15_06 -110.00041642453289 35.00041664244219 -104.99958309119955 29.999583309108857
srtm_15_07 -110.00041644874727 30.000417247801863 -104.99958311541394 24.99958391446853
srtm_15_08 -110.00041644874727 25.00041712672993 -104.99958311541394 19.999583793396596
srtm_15_09 -110.00041644874727 20.000417005657994 -104.99958311541394 14.999583672324661
srtm_15_10 -110.00041644874727 15.000416884586059 -104.99958311541394 9.999583551252726
srtm_15_18 -110.00041666667676 -24.999583405986584 -104.99958333334342 -30.000416739319917
srtm_16_01 -105.00041630346095 60.00041724780186 -99.99958297012762 54.99958391446853
srtm_16_02 -105.00041630346095 55.00041712672993 -99.99958297012762 49.999583793396596
srtm_16_03 -105.00041630346095 50.000417005657994 -99.99958297012762 44.99958367232466
srtm_16_04 -105.00041630346095 45.00041688458606 -99.99958297012762 39.99958355125273
srtm_16_05 -105.00041630346095 40.000416763514124 -99.99958297012762 34.99958343018079
srtm_16_06 -105.00041630346095 35.00041664244219 -99.99958297012762 29.999583309108857
srtm_16_07 -105.00041632767534 30.000417247801863 -99.999582994342 24.99958391446853
srtm_16_08 -105.00041632767534 25.00041712672993 -99.999582994342 19.999583793396596
srtm_16_09 -105.00041632767534 20.000417005657994 -99.999582994342 14.999583672324661
srtm_17_01 -100.00041618238902 60.00041724780186 -94.99958284905568 54.99958391446853
srtm_17_02 -100.00041618238902 55.00041712672993 -94.99958284905568 49.999583793396596
srtm_17_03 -100.00041618238902 50.000417005657994 -94.99958284905568 44.99958367232466
srtm_17_04 -100.00041618238902 45.00041688458606 -94.99958284905568 39.99958355125273
srtm_17_05 -100.00041618238902 40.000416763514124 -94.99958284905568 34.99958343018079
srtm_17_06 -100.00041618238902 35.00041664244219 -94.99958284905568 29.999583309108857
srtm_17_07 -100.0004162066034 30.000417247801863 -94.99958287327007 24.99958391446853
srtm_17_08 -100.0004162066034 25.00041712672993 -94.99958287327007 19.999583793396596
srtm_17_09 -100.0004162066034 20.000417005657994 -94.99958287327007 14.999583672324661
srtm_18_01 -95.00041606131708 60.00041724780186 -89.99958272798375 54.99958391446853
srtm_18_02 -95.00041606131708 55.00041712672993 -89.99958272798375 49.999583793396596
srtm_18_03 -95.00041606131708 50.000417005657994 -89.99958272798375 44.99958367232466
srtm_18_04 -95.00041606131708 45.00041688458606 -89.99958272798375 39.99958355125273
srtm_18_05 -95.00041606131708 40.000416763514124 -89.99958272798375 34.99958343018079
srtm_18_06 -95.00041606131708 35.00041664244219 -89.99958272798375 29.999583309108857
srtm_18_07 -95.00041608553147 30.000417247801863 -89.99958275219814 24.99958391446853
srtm_18_08 -95.00041608553147 25.00041712672993 -89.99958275219814 19.999583793396596
srtm_18_09 -95.00041608553147 20.000417005657994 -89.99958275219814 14.999583672324661
srtm_18_10 -95.00041608553147 15.000416884586059 -89.99958275219814 9.999583551252726
srtm_18_12 -95.00041608553147 5.0004166424421905 -89.99958275219814 -0.00041669089114293456
srtm_18_13 -95.00041630346095 0.0004171993730901491 -89.99958297012762 -5.000416133960243
srtm_19_01 -90.00041666667676 60.00041724780186 -84.99958333334342 54.99958391446853
srtm_19_02 -90.00041666667676 55.00041712672993 -84.99958333334342 49.999583793396596
srtm_19_03 -90.00041666667676 50.000417005657994 -84.99958333334342 44.99958367232466
srtm_19_04 -90.00041666667676 45.00041688458606 -84.99958333334342 39.99958355125273
srtm_19_05 -90.00041666667676 40.000416763514124 -84.99958333334342 34.99958343018079
srtm_19_06 -90.00041666667676 35.00041664244219 -84.99958333334342 29.999583309108857
srtm_19_07 -90.00041666667676 30.000417247801863 -84.99958333334342 24.99958391446853
srtm_19_08 -90.00041666667676 25.00041712672993 -84.99958333334342 19.999583793396596
srtm_19_09 -90.00041666667676 20.000417005657994 -84.99958333334342 14.999583672324661
srtm_19_10 -90.00041666667676 15.000416884586059 -84.99958333334342 9.999583551252726
srtm_19_11 -90.00041666667676 10.000416763514124 -84.99958333334342 4.999583430180791
srtm_19_12 -90.00041666667676 5.0004166424421905 -84.99958333334342 -0.00041669089114293456
srtm_19_13 -90.00041666667676 0.0004172478018640291 -84.99958333334342 -5.000416085531469
srtm_20_01 -85.00041654560482 60.00041724780186 -79.99958321227149 54.99958391446853
srtm_20_02 -85.00041654560482 55.00041712672993 -79.99958321227149 49.999583793396596
srtm_20_03 -85.00041654560482 50.000417005657994 -79.99958321227149 44.99958367232466
srtm_20_04 -85.00041654560482 45.00041688458606 -79.99958321227149 39.99958355125273
srtm_20_05 -85.00041654560482 40.000416763514124 -79.99958321227149 34.99958343018079
srtm_20_06 -85.00041654560482 35.00041664244219 -79.99958321227149 29.999583309108857
srtm_20_07 -85.00041654560482 30.000417247801863 -79.99958321227149 24.99958391446853
srtm_20_08 -85.00041654560482 25.00041712672993 -79.99958321227149 19.999583793396596
srtm_20_09 -85.00041654560482 20.000417005657994 -79.99958321227149 14.999583672324661
srtm_20_10 -85.00041654560482 15.000416884586059 -79.99958321227149 9.999583551252726
srtm_20_11 -85.00041654560482 10.000416763514124 -79.99958321227149 4.999583430180791
srtm_20_12 -85.00041654560482 5.0004166424421905 -79.99958321227149 -0.00041669089114293456
srtm_20_13 -85.00041654560482 0.0004172478018640291 -79.99958321227149 -5.000416085531469
srtm_20_14 -85.00041654560482 -4.999582873270071 -79.99958321227149 -10.000416206603404
srtm_20_18 -85.00041654560482 -24.99958335755781 -79.99958321227149 -30.000416690891143
srtm_20_19 -85.0004167635343 -29.999582849055685 -79.99958343020097 -35.00041618238902
srtm_21_01 -80.00041642453289 60.00041724780186 -74.99958309119955 54.99958391446853
srtm_21_02 -80.00041642453289 55.00041712672993 -74.99958309119955 49.999583793396596
srtm_21_03 -80.00041642453289 50.000417005657994 -74.99958309119955 44.99958367232466
srtm_21_04 -80.00041642453289 45.00041688458606 -74.99958309119955 39.99958355125273
srtm_21_05 -80.00041642453289 40.000416763514124 -74.99958309119955 34.99958343018079
srtm_21_06 -80.00041642453289 35.00041664244219 -74.99958309119955 29.999583309108857
srtm_21_07 -80.00041642453289 30.000417247801863 -74.99958309119955 24.99958391446853
srtm_21_08 -80.00041642453289 25.00041712672993 -74.99958309119955 19.999583793396596
srtm_21_09 -80.00041642453289 20.000417005657994 -74.99958309119955 14.999583672324661
srtm_21_10 -80.00041642453289 15.000416884586059 -74.99958309119955 9.999583551252726
srtm_21_11 -80.00041642453289 10.000416763514124 -74.99958309119955 4.999583430180791
srtm_21_12 -80.00041642453289 5.0004166424421905 -74.99958309119955 -0.00041669089114293456
srtm_21_13 -80.00041642453289 0.0004172478018640291 -74.99958309119955 -5.000416085531469
srtm_21_14 -80.00041642453289 -4.999582873270071 -74.99958309119955 -10.000416206603404
srtm_21_15 -80.00041642453289 -9.999582994342006 -74.99958309119955 -15.000416327675339
srtm_21_16 -80.00041642453289 -14.999583115413941 -74.99958309119955 -20.000416448747274
srtm_21_18 -80.00041642453289 -24.99958335755781 -74.99958309119955 -30.000416690891143
srtm_21_19 -80.00041664246237 -29.999582849055685 -74.99958330912904 -35.00041618238902
srtm_21_21 -80.00041664246237 -39.999583091199554 -74.99958330912904 -45.00041642453289
srtm_21_22 -80.00041664246237 -44.99958321227149 -74.99958330912904 -50.00041654560482
srtm_21_23 -80.00041664246237 -49.99958333334342 -74.99958330912904 -55.000416666676756
srtm_22_01 -75.00041630346095 60.00041724780186 -69.99958297012762 54.99958391446853
srtm_22_02 -75.00041630346095 55.00041712672993 -69.99958297012762 49.999583793396596
srtm_22_03 -75.00041630346095 50.000417005657994 -69.99958297012762 44.99958367232466
srtm_22_04 -75.00041630346095 45.00041688458606 -69.99958297012762 39.99958355125273
srtm_22_05 -75.00041630346095 40.000416763514124 -69.99958297012762 34.99958343018079
srtm_22_08 -75.00041630346095 25.00041712672993 -69.99958297012762 19.999583793396596
srtm_22_09 -75.00041630346095 20.000417005657994 -69.99958297012762 14.999583672324661
srtm_22_10 -75.00041630346095 15.000416884586059 -69.99958297012762 9.999583551252726
srtm_22_11 -75.00041630346095 10.000416763514124 -69.99958297012762 4.999583430180791
srtm_22_12 -75.00041630346095 5.0004166424421905 -69.99958297012762 -0.00041669089114293456
srtm_22_13 -75.00041630346095 0.0004172478018640291 -69.99958297012762 -5.000416085531469
srtm_22_14 -75.00041630346095 -4.999582873270071 -69.99958297012762 -10.000416206603404
srtm_22_15 -75.00041630346095 -9.999582994342006 -69.99958297012762 -15.000416327675339
srtm_22_16 -75.00041630346095 -14.999583115413941 -69.99958297012762 -20.000416448747274
srtm_22_17 -75.00041630346095 -19.999583236485876 -69.99958297012762 -25.00041656981921
srtm_22_18 -75.00041630346095 -24.99958335755781 -69.99958297012762 -30.000416690891143
srtm_22_19 -75.00041652139043 -29.999582849055685 -69.9995831880571 -35.00041618238902
srtm_22_20 -75.00041652139043 -34.99958297012762 -69.9995831880571 -40.00041630346095
srtm_22_21 -75.00041652139043 -39.999583091199554 -69.9995831880571 -45.00041642453289
srtm_22_22 -75.00041652139043 -44.99958321227149 -69.9995831880571 -50.00041654560482
srtm_22_23 -75.00041652139043 -49.99958333334342 -69.9995831880571 -55.000416666676756
srtm_22_24 -75.00041652139043 -54.99958345441536 -69.9995831880571 -60.00041678774869
srtm_23_01 -70.00041618238902 60.00041724780186 -64.99958284905568 54.99958391446853
srtm_23_02 -70.00041618238902 55.00041712672993 -64.99958284905568 49.999583793396596
srtm_23_03 -70.00041618238902 50.000417005657994 -64.99958284905568 44.99958367232466
srtm_23_04 -70.00041618238902 45.00041688458606 -64.99958284905568 39.99958355125273
srtm_23_09 -70.00041618238902 20.000417005657994 -64.99958284905568 14.999583672324661
srtm_23_10 -70.00041618238902 15.000416884586059 -64.99958284905568 9.999583551252726
srtm_23_11 -70.00041618238902 10.000416763514124 -64.99958284905568 4.999583430180791
srtm_23_12 -70.00041618238902 5.0004166424421905 -64.99958284905568 -0.00041669089114293456
srtm_23_13 -70.00041618238902 0.0004172478018640291 -64.99958284905568 -5.000416085531469
srtm_23_14 -70.00041618238902 -4.999582873270071 -64.99958284905568 -10.000416206603404
srtm_23_15 -70.00041618238902 -9.999582994342006 -64.99958284905568 -15.000416327675339
srtm_23_16 -70.00041618238902 -14.999583115413941 -64.99958284905568 -20.000416448747274
srtm_23_17 -70.00041618238902 -19.999583236485876 -64.99958284905568 -25.00041656981921
srtm_23_18 -70.00041618238902 -24.99958335755781 -64.99958284905568 -30.000416690891143
srtm_23_19 -70.0004164003185 -29.999582849055685 -64.99958306698517 -35.00041618238902
srtm_23_20 -70.0004164003185 -34.99958297012762 -64.99958306698517 -40.00041630346095
srtm_23_21 -70.0004164003185 -39.999583091199554 -64.99958306698517 -45.00041642453289
srtm_23_22 -70.0004164003185 -44.99958321227149 -64.99958306698517 -50.00041654560482
srtm_23_23 -70.0004164003185 -49.99958333334342 -64.99958306698517 -55.000416666676756
srtm_23_24 -70.0004164003185 -54.99958345441536 -64.99958306698517 -60.00041678774869
srtm_24_01 -65.00041606131708 60.00041724780186 -59.99958272798375 54.99958391446853
srtm_24_02 -65.00041606131708 55.00041712672993 -59.99958272798375 49.999583793396596
srtm_24_03 -65.00041606131708 50.000417005657994 -59.99958272798375 44.99958367232466
srtm_24_04 -65.00041606131708 45.00041688458606 -59.99958272798375 39.99958355125273
srtm_24_06 -65.00041606131708 35.00041664244219 -59.99958272798375 29.999583309108857
srtm_24_09 -65.00041606131708 20.000417005657994 -59.99958272798375 14.999583672324661
srtm_24_10 -65.00041606131708 15.000416884586059 -59.99958272798375 9.999583551252726
srtm_24_11 -65.00041606131708 10.000416763514124 -59.99958272798375 4.999583430180791
srtm_24_12 -65.00041606131708 5.0004166424421905 -59.99958272798375 -0.00041669089114293456
srtm_24_13 -65.00041606131708 0.0004172478018640291 -59.99958272798375 -5.000416085531469
srtm_24_14 -65.00041606131708 -4.999582873270071 -59.99958272798375 -10.000416206603404
srtm_24_15 -65.00041606131708 -9.999582994342006 -59.99958272798375 -15.000416327675339
srtm_24_16 -65.00041606131708 -14.999583115413941 -59.99958272798375 -20.000416448747274
srtm_24_17 -65.00041606131708 -19.999583236485876 -59.99958272798375 -25.00041656981921
srtm_24_18 -65.00041606131708 -24.99958335755781 -59.99958272798375 -30.000416690891143
srtm_24_19 -65.00041627924656 -29.999582849055685 -59.99958294591323 -35.00041618238902
srtm_24_20 -65.00041627924656 -34.99958297012762 -59.99958294591323 -40.00041630346095
srtm_24_21 -65.00041627924656 -39.999583091199554 -59.99958294591323 -45.00041642453289
srtm_24_23 -65.00041627924656 -49.99958333334342 -59.99958294591323 -55.000416666676756
srtm_25_01 -60.000416666676756 60.00041702987238 -54.99958333334342 54.99958369653905
srtm_25_02 -60.000416666676756 55.000416908800446 -54.99958333334342 49.99958357546711
srtm_25_03 -60.000416666676756 50.00041678772851 -54.99958333334342 44.99958345439518
srtm_25_04 -60.000416666676756 45.00041666665658 -54.99958333334342 39.999583333323244
srtm_25_10 -60.000416666676756 15.000416884586059 -54.99958333334342 9.999583551252726
srtm_25_11 -60.000416666676756 10.000416763514124 -54.99958333334342 4.999583430180791
srtm_25_12 -60.000416666676756 5.0004166424421905 -54.99958333334342 -0.00041669089114293456
srtm_25_13 -60.000416666676756 0.0004172478018640291 -54.99958333334342 -5.000416085531469
srtm_25_14 -60.000416666676756 -4.999582873270071 -54.99958333334342 -10.000416206603404
srtm_25_15 -60.000416666676756 -9.999582994342006 -54.99958333334342 -15.000416327675339
srtm_25_16 -60.000416666676756 -14.999583115413941 -54.99958333334342 -20.000416448747274
srtm_25_17 -60.000416666676756 -19.999583236485876 -54.99958333334342 -25.00041656981921
srtm_25_18 -60.000416666676756 -24.99958335755781 -54.99958333334342 -30.000416690891143
srtm_25_19 -60.000416666676756 -29.999582849055685 -54.99958333334342 -35.00041618238902
srtm_25_20 -60.000416666676756 -34.99958297012762 -54.99958333334342 -40.00041630346095
srtm_25_23 -60.000416666676756 -49.99958333334342 -54.99958333334342 -55.000416666676756
srtm_26_03 -55.00041654560482 50.00041678772851 -49.99958321227149 44.99958345439518
srtm_26_11 -55.00041654560482 10.000416763514124 -49.99958321227149 4.999583430180791
srtm_26_12 -55.00041654560482 5.0004166424421905 -49.99958321227149 -0.00041669089114293456
srtm_26_13 -55.00041654560482 0.0004172478018640291 -49.99958321227149 -5.000416085531469
srtm_26_14 -55.00041654560482 -4.999582873270071 -49.99958321227149 -10.000416206603404
srtm_26_15 -55.00041654560482 -9.999582994342006 -49.99958321227149 -15.000416327675339
srtm_26_16 -55.00041654560482 -14.999583115413941 -49.99958321227149 -20.000416448747274
srtm_26_17 -55.00041654560482 -19.999583236485876 -49.99958321227149 -25.00041656981921
srtm_26_18 -55.00041654560482 -24.99958335755781 -49.99958321227149 -30.000416690891143
srtm_26_19 -55.00041654560482 -29.999582849055685 -49.99958321227149 -35.00041618238902
srtm_27_01 -50.00041642453289 60.00041702987238 -44.999583091199554 54.99958369653905
srtm_27_12 -50.00041642453289 5.0004166424421905 -44.999583091199554 -0.00041669089114293456
srtm_27_13 -50.00041642453289 0.0004172478018640291 -44.999583091199554 -5.000416085531469
srtm_27_14 -50.00041642453289 -4.999582873270071 -44.999583091199554 -10.000416206603404
srtm_27_15 -50.00041642453289 -9.999582994342006 -44.999583091199554 -15.000416327675339
srtm_27_16 -50.00041642453289 -14.999583115413941 -44.999583091199554 -20.000416448747274
srtm_27_17 -50.00041642453289 -19.999583236485876 -44.999583091199554 -25.00041656981921
srtm_27_18 -50.00041642453289 -24.99958335755781 -44.999583091199554 -30.000416690891143
srtm_28_01 -45.00041630346095 60.00041702987238 -39.99958297012762 54.99958369653905
srtm_28_13 -45.00041630346095 0.0004172478018640291 -39.99958297012762 -5.000416085531469
srtm_28_14 -45.00041630346095 -4.999582873270071 -39.99958297012762 -10.000416206603404
srtm_28_15 -45.00041630346095 -9.999582994342006 -39.99958297012762 -15.000416327675339
srtm_28_16 -45.00041630346095 -14.999583115413941 -39.99958297012762 -20.000416448747274
srtm_28_17 -45.00041630346095 -19.999583236485876 -39.99958297012762 -25.00041656981921
srtm_29_13 -40.00041618238902 0.0004172478018640291 -34.999582849055685 -5.000416085531469
srtm_29_14 -40.00041618238902 -4.999582873270071 -34.999582849055685 -10.000416206603404
srtm_29_15 -40.00041618238902 -9.999582994342006 -34.999582849055685 -15.000416327675339
srtm_29_16 -40.00041618238902 -14.999583115413941 -34.999582849055685 -20.000416448747274
srtm_29_23 -40.00041618238902 -49.99958333334342 -34.999582849055685 -55.000416666676756
srtm_30_05 -35.00041606131708 40.00041654558464 -29.99958272798375 34.99958321225131
srtm_30_13 -35.00041606131708 0.0004172478018640291 -29.99958272798375 -5.000416085531469
srtm_30_14 -35.00041606131708 -4.999582873270071 -29.99958272798375 -10.000416206603404
srtm_30_24 -35.00041606131708 -54.99958345441536 -29.99958272798375 -60.00041678774869
srtm_31_05 -30.000416690891143 40.000416763514124 -24.99958335755781 34.99958343018079
srtm_31_09 -30.000416763534304 20.000416908800446 -24.99958343020097 14.999583575467113
srtm_31_17 -30.000416666676756 -19.999583454415358 -24.999583333343423 -25.00041678774869
srtm_32_05 -25.00041656981921 40.000416763514124 -19.999583236485876 34.99958343018079
srtm_32_09 -25.00041664246237 20.000416908800446 -19.999583309129036 14.999583575467113
srtm_32_10 -25.00041664246237 15.000416787728511 -19.999583309129036 9.999583454395179
srtm_33_06 -20.000416448747274 35.00041664244219 -14.999583115413941 29.999583309108857
srtm_33_07 -20.000416521390434 30.000417150944315 -14.999583188057102 24.999583817610983
srtm_33_08 -20.000416521390434 25.00041702987238 -14.999583188057102 19.999583696539048
srtm_33_09 -20.000416521390434 20.000416908800446 -14.999583188057102 14.999583575467113
srtm_33_10 -20.000416521390434 15.000416787728511 -14.999583188057102 9.999583454395179
srtm_34_01 -15.000416327675339 60.00041724780186 -9.999582994342006 54.99958391446853
srtm_34_02 -15.000416327675339 55.00041712672993 -9.999582994342006 49.999583793396596
srtm_34_07 -15.0004164003185 30.000417150944315 -9.999583066985167 24.999583817610983
srtm_34_08 -15.0004164003185 25.00041702987238 -9.999583066985167 19.999583696539048
srtm_34_09 -15.0004164003185 20.000416908800446 -9.999583066985167 14.999583575467113
srtm_34_10 -15.0004164003185 15.000416787728511 -9.999583066985167 9.999583454395179
srtm_34_11 -15.0004164003185 10.000416666656577 -9.999583066985167 4.999583333323243
srtm_34_14 -15.000416303460952 -4.999583091199553 -9.99958297012762 -10.000416424532887
srtm_34_20 -15.00041671510553 -34.99958333334342 -9.999583381772197 -40.000416666676756
srtm_34_21 -15.00041671510553 -39.99958345441536 -9.999583381772197 -45.00041678774869
srtm_35_01 -10.000416206603404 60.00041724780186 -4.999582873270071 54.99958391446853
srtm_35_02 -10.000416206603404 55.00041712672993 -4.999582873270071 49.999583793396596
srtm_35_03 -10.000416206603404 50.000417005657994 -4.999582873270071 44.99958367232466
srtm_35_04 -10.000416206603404 45.00041688458606 -4.999582873270071 39.99958355125273
srtm_35_05 -10.000416206603404 40.000416763514124 -4.999582873270071 34.99958343018079
srtm_35_06 -10.000416206603404 35.00041664244219 -4.999582873270071 29.999583309108857
srtm_35_07 -10.000416279246565 30.000417150944315 -4.9995829459132315 24.999583817610983
srtm_35_08 -10.000416279246565 25.00041702987238 -4.9995829459132315 19.999583696539048
srtm_35_09 -10.000416279246565 20.000416908800446 -4.9995829459132315 14.999583575467113
srtm_35_10 -10.000416279246565 15.000416787728511 -4.9995829459132315 9.999583454395179
srtm_35_11 -10.000416279246565 10.000416666656577 -4.9995829459132315 4.999583333323243
srtm_35_12 -10.000416279246565 5.000416545584643 -4.9995829459132315 -0.00041678774869069457
srtm_35_16 -10.000416182389017 -14.999583333343423 -4.999582849055684 -20.000416666676756
srtm_35_21 -10.000416594033595 -39.99958345441536 -4.999583260700262 -45.00041678774869
srtm_36_01 -5.000416085531469 60.00041724780186 0.0004172478018640291 54.99958391446853
srtm_36_02 -5.000416085531469 55.00041712672993 0.0004172478018640291 49.999583793396596
srtm_36_03 -5.000416085531469 50.000417005657994 0.0004172478018640291 44.99958367232466
srtm_36_04 -5.000416085531469 45.00041688458606 0.0004172478018640291 39.99958355125273
srtm_36_05 -5.000416085531469 40.000416763514124 0.0004172478018640291 34.99958343018079
srtm_36_06 -5.000416085531469 35.00041664244219 0.0004172478018640291 29.999583309108857
srtm_36_07 -5.00041615817463 30.000417150944315 0.0004171751587032091 24.999583817610983
srtm_36_08 -5.00041615817463 25.00041702987238 0.0004171751587032091 19.999583696539048
srtm_36_09 -5.00041615817463 20.000416908800446 0.0004171751587032091 14.999583575467113
srtm_36_10 -5.00041615817463 15.000416787728511 0.0004171751587032091 9.999583454395179
srtm_36_11 -5.00041615817463 10.000416666656577 0.0004171751587032091 4.999583333323243
srtm_36_12 -5.00041615817463 5.000416545584643 0.0004171751587032091 -0.00041678774869069457
srtm_37_01 -0.0004166182681528685 60.00041727199607 5.000416715065181 54.99958393866274
srtm_37_02 -0.0004166182681528685 55.000417150924136 5.000416715065181 49.9995838175908
srtm_37_03 -0.0004166182681528685 50.0004170298522 5.000416715065181 44.99958369651887
srtm_37_04 -0.0004166182681528685 45.00041690878027 5.000416715065181 39.999583575446934
srtm_37_05 -0.0004166182681528685 40.00041678770833 5.000416715065181 34.999583454375
srtm_37_06 -0.0004166182681528685 35.0004166666364 5.000416715065181 29.999583333303065
srtm_37_07 -0.0004166182681528685 30.000417271996074 5.000416715065181 24.99958393866274
srtm_37_08 -0.0004166182681528685 25.00041715092414 5.000416715065181 19.999583817590807
srtm_37_09 -0.0004166182681528685 20.00041702985221 5.000416715065181 14.999583696518876
srtm_37_10 -0.0004166182681528685 15.000416908780274 5.000416715065181 9.999583575446941
srtm_37_11 -0.0004166182681528685 10.000416787708337 5.000416715065181 4.999583454375004
srtm_37_23 -0.00041673931991681457 -49.99958335755781 5.000416594013417 -55.00041669089114
srtm_38_01 4.999583502803782 60.00041727199607 10.000416836137116 54.99958393866274
srtm_38_02 4.999583502803782 55.000417150924136 10.000416836137116 49.9995838175908
srtm_38_03 4.999583502803782 50.0004170298522 10.000416836137116 44.99958369651887
srtm_38_04 4.999583502803782 45.00041690878027 10.000416836137116 39.999583575446934
srtm_38_05 4.999583502803782 40.00041678770833 10.000416836137116 34.999583454375
srtm_38_06 4.999583502803782 35.0004166666364 10.000416836137116 29.999583333303065
srtm_38_07 4.999583502803782 30.000417271996074 10.000416836137116 24.99958393866274
srtm_38_08 4.999583502803782 25.00041715092414 10.000416836137116 19.999583817590807
srtm_38_09 4.999583502803782 20.00041702985221 10.000416836137116 14.999583696518876
srtm_38_10 4.999583502803782 15.000416908780274 10.000416836137116 9.999583575446941
srtm_38_11 4.999583502803782 10.000416787708337 10.000416836137116 4.999583454375004
srtm_38_12 4.999583502803782 5.0004166666364025 10.000416836137116 -0.00041666669693096736
srtm_38_13 4.999583333323244 0.0004172478018640291 10.000416666656577 -5.000416085531469
srtm_39_01 9.999583623875717 60.00041727199607 15.000416957209051 54.99958393866274
srtm_39_02 9.999583623875717 55.000417150924136 15.000416957209051 49.9995838175908
srtm_39_03 9.999583623875717 50.0004170298522 15.000416957209051 44.99958369651887
srtm_39_04 9.999583623875717 45.00041690878027 15.000416957209051 39.999583575446934
srtm_39_05 9.999583623875717 40.00041678770833 15.000416957209051 34.999583454375
srtm_39_06 9.999583623875717 35.0004166666364 15.000416957209051 29.999583333303065
srtm_39_07 9.999583623875717 30.000417271996074 15.000416957209051 24.99958393866274
srtm_39_08 9.999583623875717 25.00041715092414 15.000416957209051 19.999583817590807
srtm_39_09 9.999583623875717 20.00041702985221 15.000416957209051 14.999583696518876
srtm_39_10 9.999583623875717 15.000416908780274 15.000416957209051 9.999583575446941
srtm_39_11 9.999583623875717 10.000416787708337 15.000416957209051 4.999583454375004
srtm_39_12 9.999583623875717 5.0004166666364025 15.000416957209051 -0.00041666669693096736
srtm_39_13 9.999583454395179 0.0004172478018640291 15.000416787728511 -5.000416085531469
srtm_39_14 9.999583454395179 -4.999582873270071 15.000416787728511 -10.000416206603404
srtm_39_15 9.999583454395179 -9.999582994342006 15.000416787728511 -15.000416327675339
srtm_39_16 9.999583454395179 -14.999583115413941 15.000416787728511 -20.000416448747274
srtm_39_17 9.999583454395179 -19.999583236485876 15.000416787728511 -25.00041656981921
srtm_39_18 9.999583454395179 -24.99958335755781 15.000416787728511 -30.000416690891143
srtm_40_01 14.999583744947651 60.00041727199607 20.000417078280986 54.99958393866274
srtm_40_02 14.999583744947651 55.000417150924136 20.000417078280986 49.9995838175908
srtm_40_03 14.999583744947651 50.0004170298522 20.000417078280986 44.99958369651887
srtm_40_04 14.999583744947651 45.00041690878027 20.000417078280986 39.999583575446934
srtm_40_05 14.999583744947651 40.00041678770833 20.000417078280986 34.999583454375
srtm_40_06 14.999583744947651 35.0004166666364 20.000417078280986 29.999583333303065
srtm_40_07 14.999583744947651 30.000417271996074 20.000417078280986 24.99958393866274
srtm_40_08 14.999583744947651 25.00041715092414 20.000417078280986 19.999583817590807
srtm_40_09 14.999583744947651 20.00041702985221 20.000417078280986 14.999583696518876
srtm_40_10 14.999583744947651 15.000416908780274 20.000417078280986 9.999583575446941
srtm_40_11 14.999583744947651 10.000416787708337 20.000417078280986 4.999583454375004
srtm_40_12 14.999583744947651 5.0004166666364025 20.000417078280986 -0.00041666669693096736
srtm_40_13 14.999583575467113 0.0004172478018640291 20.000416908800446 -5.000416085531469
srtm_40_14 14.999583575467113 -4.999582873270071 20.000416908800446 -10.000416206603404
srtm_40_15 14.999583575467113 -9.999582994342006 20.000416908800446 -15.000416327675339
srtm_40_16 14.999583575467113 -14.999583115413941 20.000416908800446 -20.000416448747274
srtm_40_17 14.999583575467113 -19.999583236485876 20.000416908800446 -25.00041656981921
srtm_40_18 14.999583575467113 -24.99958335755781 20.000416908800446 -30.000416690891143
srtm_40_19 14.999583623895887 -29.99958287327007 20.00041695722922 -35.000416206603404
srtm_41_01 19.999583866019584 60.00041727199607 25.000417199352917 54.99958393866274
srtm_41_02 19.999583866019584 55.000417150924136 25.000417199352917 49.9995838175908
srtm_41_03 19.999583866019584 50.0004170298522 25.000417199352917 44.99958369651887
srtm_41_04 19.999583866019584 45.00041690878027 25.000417199352917 39.999583575446934
srtm_41_05 19.999583866019584 40.00041678770833 25.000417199352917 34.999583454375
srtm_41_06 19.999583866019584 35.0004166666364 25.000417199352917 29.999583333303065
srtm_41_07 19.999583866019584 30.000417271996074 25.000417199352917 24.99958393866274
srtm_41_08 19.999583866019584 25.00041715092414 25.000417199352917 19.999583817590807
srtm_41_09 19.999583866019584 20.00041702985221 25.000417199352917 14.999583696518876
srtm_41_10 19.999583866019584 15.000416908780274 25.000417199352917 9.999583575446941
srtm_41_11 19.999583866019584 10.000416787708337 25.000417199352917 4.999583454375004
srtm_41_12 19.999583866019584 5.0004166666364025 25.000417199352917 -0.00041666669693096736
srtm_41_13 19.999583696539048 0.0004172478018640291 25.00041702987238 -5.000416085531469
srtm_41_14 19.999583696539048 -4.999582873270071 25.00041702987238 -10.000416206603404
srtm_41_15 19.999583696539048 -9.999582994342006 25.00041702987238 -15.000416327675339
srtm_41_16 19.999583696539048 -14.999583115413941 25.00041702987238 -20.000416448747274
srtm_41_17 19.999583696539048 -19.999583236485876 25.00041702987238 -25.00041656981921
srtm_41_18 19.999583696539048 -24.99958335755781 25.00041702987238 -30.000416690891143
srtm_41_19 19.999583744967822 -29.99958287327007 25.000417078301155 -35.000416206603404
srtm_42_01 24.99958398709152 60.00041727199607 30.00041732042485 54.99958393866274
srtm_42_02 24.99958398709152 55.000417150924136 30.00041732042485 49.9995838175908
srtm_42_03 24.99958398709152 50.0004170298522 30.00041732042485 44.99958369651887
srtm_42_04 24.99958398709152 45.00041690878027 30.00041732042485 39.999583575446934
srtm_42_05 24.99958398709152 40.00041678770833 30.00041732042485 34.999583454375
srtm_42_06 24.99958398709152 35.0004166666364 30.00041732042485 29.999583333303065
srtm_42_07 24.99958398709152 30.000417271996074 30.00041732042485 24.99958393866274
srtm_42_08 24.99958398709152 25.00041715092414 30.00041732042485 19.999583817590807
srtm_42_09 24.99958398709152 20.00041702985221 30.00041732042485 14.999583696518876
srtm_42_10 24.99958398709152 15.000416908780274 30.00041732042485 9.999583575446941
srtm_42_11 24.99958398709152 10.000416787708337 30.00041732042485 4.999583454375004
srtm_42_12 24.99958398709152 5.0004166666364025 30.00041732042485 -0.00041666669693096736
srtm_42_13 24.999583817610983 0.0004172478018640291 30.000417150944315 -5.000416085531469
srtm_42_14 24.999583817610983 -4.999582873270071 30.000417150944315 -10.000416206603404
srtm_42_15 24.999583817610983 -9.999582994342006 30.000417150944315 -15.000416327675339
srtm_42_16 24.999583817610983 -14.999583115413941 30.000417150944315 -20.000416448747274
srtm_42_17 24.999583817610983 -19.999583236485876 30.000417150944315 -25.00041656981921
srtm_42_18 24.999583817610983 -24.99958335755781 30.000417150944315 -30.000416690891143
srtm_42_19 24.999583866039757 -29.99958287327007 30.00041719937309 -35.000416206603404
srtm_43_01 29.999583333323244 60.00041724780186 35.00041666665658 54.99958391446853
srtm_43_02 29.999583333323244 55.00041712672993 35.00041666665658 49.999583793396596
srtm_43_03 29.999583333323244 50.000417005657994 35.00041666665658 44.99958367232466
srtm_43_04 29.999583333323244 45.00041688458606 35.00041666665658 39.99958355125273
srtm_43_05 29.999583333323244 40.000416763514124 35.00041666665658 34.99958343018079
srtm_43_06 29.999583333323244 35.00041664244219 35.00041666665658 29.999583309108857
srtm_43_07 29.999583333323244 30.000417247801863 35.00041666665658 24.99958391446853
srtm_43_08 29.999583333323244 25.00041712672993 35.00041666665658 19.999583793396596
srtm_43_09 29.999583333323244 20.000417005657994 35.00041666665658 14.999583672324661
srtm_43_10 29.999583333323244 15.000416884586059 35.00041666665658 9.999583551252726
srtm_43_11 29.999583333323244 10.000416763514124 35.00041666665658 4.999583430180791
srtm_43_12 29.999583333323244 5.0004166424421905 35.00041666665658 -0.00041669089114293456
srtm_43_13 29.999583333323244 0.0004172478018640291 35.00041666665658 -5.000416085531469
srtm_43_14 29.999583333323244 -4.999582873270071 35.00041666665658 -10.000416206603404
srtm_43_15 29.999583333323244 -9.999582994342006 35.00041666665658 -15.000416327675339
srtm_43_16 29.999583333323244 -14.999583115413941 35.00041666665658 -20.000416448747274
srtm_43_17 29.999583333323244 -19.999583236485876 35.00041666665658 -25.00041656981921
srtm_43_18 29.999583333323244 -24.99958335755781 35.00041666665658 -30.000416690891143
srtm_43_19 29.999583333323244 -29.999583066985167 35.00041666665658 -35.0004164003185
srtm_44_01 34.99958345439518 60.00041724780186 40.00041678772851 54.99958391446853
srtm_44_02 34.99958345439518 55.00041712672993 40.00041678772851 49.999583793396596
srtm_44_03 34.99958345439518 50.000417005657994 40.00041678772851 44.99958367232466
srtm_44_04 34.99958345439518 45.00041688458606 40.00041678772851 39.99958355125273
srtm_44_05 34.99958345439518 40.000416763514124 40.00041678772851 34.99958343018079
srtm_44_06 34.99958345439518 35.00041664244219 40.00041678772851 29.999583309108857
srtm_44_07 34.99958345439518 30.000417247801863 40.00041678772851 24.99958391446853
srtm_44_08 34.99958345439518 25.00041712672993 40.00041678772851 19.999583793396596
srtm_44_09 34.99958345439518 20.000417005657994 40.00041678772851 14.999583672324661
srtm_44_10 34.99958345439518 15.000416884586059 40.00041678772851 9.999583551252726
srtm_44_11 34.99958345439518 10.000416763514124 40.00041678772851 4.999583430180791
srtm_44_12 34.99958345439518 5.0004166424421905 40.00041678772851 -0.00041669089114293456
srtm_44_13 34.99958345439518 0.0004172478018640291 40.00041678772851 -5.000416085531469
srtm_44_14 34.99958345439518 -4.999582873270071 40.00041678772851 -10.000416206603404
srtm_44_15 34.99958345439518 -9.999582994342006 40.00041678772851 -15.000416327675339
srtm_44_16 34.99958345439518 -14.999583115413941 40.00041678772851 -20.000416448747274
srtm_44_17 34.99958345439518 -19.999583236485876 40.00041678772851 -25.00041656981921
srtm_44_22 34.99958345439518 -44.99958343020097 40.00041678772851 -50.000416763534304
srtm_45_01 39.99958357546711 60.00041724780186 45.000416908800446 54.99958391446853
srtm_45_02 39.99958357546711 55.00041712672993 45.000416908800446 49.999583793396596
srtm_45_03 39.99958357546711 50.000417005657994 45.000416908800446 44.99958367232466
srtm_45_04 39.99958357546711 45.00041688458606 45.000416908800446 39.99958355125273
srtm_45_05 39.99958357546711 40.000416763514124 45.000416908800446 34.99958343018079
srtm_45_06 39.99958357546711 35.00041664244219 45.000416908800446 29.999583309108857
srtm_45_07 39.99958357546711 30.000417247801863 45.000416908800446 24.99958391446853
srtm_45_08 39.99958357546711 25.00041712672993 45.000416908800446 19.999583793396596
srtm_45_09 39.99958357546711 20.000417005657994 45.000416908800446 14.999583672324661
srtm_45_10 39.99958357546711 15.000416884586059 45.000416908800446 9.999583551252726
srtm_45_11 39.99958357546711 10.000416763514124 45.000416908800446 4.999583430180791
srtm_45_12 39.99958357546711 5.0004166424421905 45.000416908800446 -0.00041669089114293456
srtm_45_13 39.99958357546711 0.0004172478018640291 45.000416908800446 -5.000416085531469
srtm_45_15 39.99958357546711 -9.999582994342006 45.000416908800446 -15.000416327675339
srtm_45_16 39.99958357546711 -14.999583115413941 45.000416908800446 -20.000416448747274
srtm_45_17 39.99958357546711 -19.999583236485876 45.000416908800446 -25.00041656981921
srtm_45_18 39.99958357546711 -24.99958335755781 45.000416908800446 -30.000416690891143
srtm_46_01 44.99958369653905 60.00041724780186 50.00041702987238 54.99958391446853
srtm_46_02 44.99958369653905 55.00041712672993 50.00041702987238 49.999583793396596
srtm_46_03 44.99958369653905 50.000417005657994 50.00041702987238 44.99958367232466
srtm_46_04 44.99958369653905 45.00041688458606 50.00041702987238 39.99958355125273
srtm_46_05 44.99958369653905 40.000416763514124 50.00041702987238 34.99958343018079
srtm_46_06 44.99958369653905 35.00041664244219 50.00041702987238 29.999583309108857
srtm_46_07 44.99958369653905 30.000417247801863 50.00041702987238 24.99958391446853
srtm_46_08 44.99958369653905 25.00041712672993 50.00041702987238 19.999583793396596
srtm_46_09 44.99958369653905 20.000417005657994 50.00041702987238 14.999583672324661
srtm_46_10 44.99958369653905 15.000416884586059 50.00041702987238 9.999583551252726
srtm_46_11 44.99958369653905 10.000416763514124 50.00041702987238 4.999583430180791
srtm_46_12 44.99958369653905 5.0004166424421905 50.00041702987238 -0.00041669089114293456
srtm_46_14 44.99958369653905 -4.999582873270071 50.00041702987238 -10.000416206603404
srtm_46_15 44.99958369653905 -9.999582994342006 50.00041702987238 -15.000416327675339
srtm_46_16 44.99958369653905 -14.999583115413941 50.00041702987238 -20.000416448747274
srtm_46_17 44.99958369653905 -19.999583236485876 50.00041702987238 -25.00041656981921
srtm_46_18 44.99958369653905 -24.99958335755781 50.00041702987238 -30.000416690891143
srtm_47_01 49.99958381761098 60.00041724780186 55.000417150944315 54.99958391446853
srtm_47_02 49.99958381761098 55.00041712672993 55.000417150944315 49.999583793396596
srtm_47_03 49.99958381761098 50.000417005657994 55.000417150944315 44.99958367232466
srtm_47_04 49.99958381761098 45.00041688458606 55.000417150944315 39.99958355125273
srtm_47_05 49.99958381761098 40.000416763514124 55.000417150944315 34.99958343018079
srtm_47_06 49.99958381761098 35.00041664244219 55.000417150944315 29.999583309108857
srtm_47_07 49.99958381761098 30.000417247801863 55.000417150944315 24.99958391446853
srtm_47_08 49.99958381761098 25.00041712672993 55.000417150944315 19.999583793396596
srtm_47_09 49.99958381761098 20.000417005657994 55.000417150944315 14.999583672324661
srtm_47_10 49.99958381761098 15.000416884586059 55.000417150944315 9.999583551252726
srtm_47_11 49.99958381761098 10.000416763514124 55.000417150944315 4.999583430180791
srtm_47_13 49.99958381761098 0.0004172478018640291 55.000417150944315 -5.000416085531469
srtm_47_14 49.99958381761098 -4.999582873270071 55.000417150944315 -10.000416206603404
srtm_47_15 49.99958381761098 -9.999582994342006 55.000417150944315 -15.000416327675339
srtm_47_16 49.99958381761098 -14.999583115413941 55.000417150944315 -20.000416448747274
srtm_47_22 49.99958381761098 -44.99958343020097 55.000417150944315 -50.000416763534304
srtm_48_01 54.99958393868292 60.00041724780186 60.00041727201625 54.99958391446853
srtm_48_02 54.99958393868292 55.00041712672993 60.00041727201625 49.999583793396596
srtm_48_03 54.99958393868292 50.000417005657994 60.00041727201625 44.99958367232466
srtm_48_04 54.99958393868292 45.00041688458606 60.00041727201625 39.99958355125273
srtm_48_05 54.99958393868292 40.000416763514124 60.00041727201625 34.99958343018079
srtm_48_06 54.99958393868292 35.00041664244219 60.00041727201625 29.999583309108857
srtm_48_07 54.99958393868292 30.000417247801863 60.00041727201625 24.99958391446853
srtm_48_08 54.99958393868292 25.00041712672993 60.00041727201625 19.999583793396596
srtm_48_09 54.99958393868292 20.000417005657994 60.00041727201625 14.999583672324661
srtm_48_13 54.99958393868292 0.0004172478018640291 60.00041727201625 -5.000416085531469
srtm_48_14 54.99958393868292 -4.999582873270071 60.00041727201625 -10.000416206603404
srtm_48_15 54.99958393868292 -9.999582994342006 60.00041727201625 -15.000416327675339
srtm_48_16 54.99958393868292 -14.999583115413941 60.00041727201625 -20.000416448747274
srtm_48_17 54.99958393868292 -19.999583236485876 60.00041727201625 -25.00041656981921
srtm_49_01 59.999583333323244 60.00041724780186 65.00041666665658 54.99958391446853
srtm_49_02 59.999583333323244 55.00041712672993 65.00041666665658 49.999583793396596
srtm_49_03 59.999583333323244 50.000417005657994 65.00041666665658 44.99958367232466
srtm_49_04 59.999583333323244 45.00041688458606 65.00041666665658 39.99958355125273
srtm_49_05 59.999583333323244 40.000416763514124 65.00041666665658 34.99958343018079
srtm_49_06 59.999583333323244 35.00041664244219 65.00041666665658 29.999583309108857
srtm_49_07 59.999583333323244 30.000417247801863 65.00041666665658 24.99958391446853
srtm_49_16 59.99958326068008 -14.99958335755781 65.00041659401342 -20.000416690891143
srtm_50_01 64.99958345439518 60.00041724780186 70.00041678772851 54.99958391446853
srtm_50_02 64.99958345439518 55.00041712672993 70.00041678772851 49.999583793396596
srtm_50_03 64.99958345439518 50.000417005657994 70.00041678772851 44.99958367232466
srtm_50_04 64.99958345439518 45.00041688458606 70.00041678772851 39.99958355125273
srtm_50_05 64.99958345439518 40.000416763514124 70.00041678772851 34.99958343018079
srtm_50_06 64.99958345439518 35.00041664244219 70.00041678772851 29.999583309108857
srtm_50_07 64.99958345439518 30.000417247801863 70.00041678772851 24.99958391446853
srtm_50_08 64.99958345439518 25.00041712672993 70.00041678772851 19.999583793396596
srtm_50_22 64.99958326068008 -44.99958326070026 70.00041659401342 -50.000416594033595
srtm_50_23 64.99958326068008 -49.9995833817722 70.00041659401342 -55.00041671510553
srtm_51_01 69.99958357546711 60.00041724780186 75.00041690880045 54.99958391446853
srtm_51_02 69.99958357546711 55.00041712672993 75.00041690880045 49.999583793396596
srtm_51_03 69.99958357546711 50.000417005657994 75.00041690880045 44.99958367232466
srtm_51_04 69.99958357546711 45.00041688458606 75.00041690880045 39.99958355125273
srtm_51_05 69.99958357546711 40.000416763514124 75.00041690880045 34.99958343018079
srtm_51_06 69.99958357546711 35.00041664244219 75.00041690880045 29.999583309108857
srtm_51_07 69.99958357546711 30.000417247801863 75.00041690880045 24.99958391446853
srtm_51_08 69.99958357546711 25.00041712672993 75.00041690880045 19.999583793396596
srtm_51_09 69.99958357546711 20.000417005657994 75.00041690880045 14.999583672324661
srtm_51_10 69.99958357546711 15.000416884586059 75.00041690880045 9.999583551252726
srtm_51_11 69.99958357546711 10.000416763514124 75.00041690880045 4.999583430180791
srtm_51_12 69.99958357546711 5.0004166424421905 75.00041690880045 -0.00041669089114293456
srtm_51_13 69.99958350282395 0.0004170056579946291 75.00041683615729 -5.000416327675339
srtm_51_14 69.99958350282395 -4.99958311541394 75.00041683615729 -10.000416448747274
srtm_51_22 69.99958338175202 -44.99958326070026 75.00041671508535 -50.000416594033595
srtm_51_23 69.99958338175202 -49.9995833817722 75.00041671508535 -55.00041671510553
srtm_52_01 74.99958369653905 60.00041724780186 80.00041702987238 54.99958391446853
srtm_52_02 74.99958369653905 55.00041712672993 80.00041702987238 49.999583793396596
srtm_52_03 74.99958369653905 50.000417005657994 80.00041702987238 44.99958367232466
srtm_52_04 74.99958369653905 45.00041688458606 80.00041702987238 39.99958355125273
srtm_52_05 74.99958369653905 40.000416763514124 80.00041702987238 34.99958343018079
srtm_52_06 74.99958369653905 35.00041664244219 80.00041702987238 29.999583309108857
srtm_52_07 74.99958369653905 30.000417247801863 80.00041702987238 24.99958391446853
srtm_52_08 74.99958369653905 25.00041712672993 80.00041702987238 19.999583793396596
srtm_52_09 74.99958369653905 20.000417005657994 80.00041702987238 14.999583672324661
srtm_52_10 74.99958369653905 15.000416884586059 80.00041702987238 9.999583551252726
srtm_52_11 74.99958369653905 10.000416763514124 80.00041702987238 4.999583430180791
srtm_52_20 74.99958350282395 -34.99958301855639 80.00041683615729 -40.000416351889726
srtm_53_01 79.99958381761098 60.00041724780186 85.00041715094432 54.99958391446853
srtm_53_02 79.99958381761098 55.00041712672993 85.00041715094432 49.999583793396596
srtm_53_03 79.99958381761098 50.000417005657994 85.00041715094432 44.99958367232466
srtm_53_04 79.99958381761098 45.00041688458606 85.00041715094432 39.99958355125273
srtm_53_05 79.99958381761098 40.000416763514124 85.00041715094432 34.99958343018079
srtm_53_06 79.99958381761098 35.00041664244219 85.00041715094432 29.999583309108857
srtm_53_07 79.99958381761098 30.000417247801863 85.00041715094432 24.99958391446853
srtm_53_08 79.99958381761098 25.00041712672993 85.00041715094432 19.999583793396596
srtm_53_09 79.99958381761098 20.000417005657994 85.00041715094432 14.999583672324661
srtm_53_10 79.99958381761098 15.000416884586059 85.00041715094432 9.999583551252726
srtm_53_11 79.99958381761098 10.000416763514124 85.00041715094432 4.999583430180791
srtm_54_01 84.99958393868292 60.00041724780186 90.00041727201625 54.99958391446853
srtm_54_02 84.99958393868292 55.00041712672993 90.00041727201625 49.999583793396596
srtm_54_03 84.99958393868292 50.000417005657994 90.00041727201625 44.99958367232466
srtm_54_04 84.99958393868292 45.00041688458606 90.00041727201625 39.99958355125273
srtm_54_05 84.99958393868292 40.000416763514124 90.00041727201625 34.99958343018079
srtm_54_06 84.99958393868292 35.00041664244219 90.00041727201625 29.999583309108857
srtm_54_07 84.99958393868292 30.000417247801863 90.00041727201625 24.99958391446853
srtm_54_08 84.99958393868292 25.00041712672993 90.00041727201625 19.999583793396596
srtm_54_09 84.99958393868292 20.000417005657994 90.00041727201625 14.999583672324661
srtm_55_01 89.99958333332324 60.00041724780186 95.00041666665658 54.99958391446853
srtm_55_02 89.99958333332324 55.00041712672993 95.00041666665658 49.999583793396596
srtm_55_03 89.99958333332324 50.000417005657994 95.00041666665658 44.99958367232466
srtm_55_04 89.99958333332324 45.00041688458606 95.00041666665658 39.99958355125273
srtm_55_05 89.99958333332324 40.000416763514124 95.00041666665658 34.99958343018079
srtm_55_06 89.99958333332324 35.00041664244219 95.00041666665658 29.999583309108857
srtm_55_07 89.99958333332324 30.000417247801863 95.00041666665658 24.99958391446853
srtm_55_08 89.99958333332324 25.00041712672993 95.00041666665658 19.999583793396596
srtm_55_09 89.99958333332324 20.000417005657994 95.00041666665658 14.999583672324661
srtm_55_10 89.99958333332324 15.000416884586059 95.00041666665658 9.999583551252726
srtm_55_11 89.99958333332324 10.000416763514124 95.00041666665658 4.999583430180791
srtm_56_01 94.99958345439518 60.00041724780186 100.00041678772851 54.99958391446853
srtm_56_02 94.99958345439518 55.00041712672993 100.00041678772851 49.999583793396596
srtm_56_03 94.99958345439518 50.000417005657994 100.00041678772851 44.99958367232466
srtm_56_04 94.99958345439518 45.00041688458606 100.00041678772851 39.99958355125273
srtm_56_05 94.99958345439518 40.000416763514124 100.00041678772851 34.99958343018079
srtm_56_06 94.99958345439518 35.00041664244219 100.00041678772851 29.999583309108857
srtm_56_07 94.99958345439518 30.000417247801863 100.00041678772851 24.99958391446853
srtm_56_08 94.99958345439518 25.00041712672993 100.00041678772851 19.999583793396596
srtm_56_09 94.99958345439518 20.000417005657994 100.00041678772851 14.999583672324661
srtm_56_10 94.99958345439518 15.000416884586059 100.00041678772851 9.999583551252726
srtm_56_11 94.99958345439518 10.000416763514124 100.00041678772851 4.999583430180791
srtm_56_12 94.99958345439518 5.0004166424421905 100.00041678772851 -0.00041669089114293456
srtm_56_13 94.99958330910886 0.0004172478018640291 100.00041664244219 -5.000416085531469
srtm_56_15 94.99958330910886 -9.999582994342006 100.00041664244219 -15.000416327675339
srtm_57_01 99.99958357546711 60.00041724780186 105.00041690880045 54.99958391446853
srtm_57_02 99.99958357546711 55.00041712672993 105.00041690880045 49.999583793396596
srtm_57_03 99.99958357546711 50.000417005657994 105.00041690880045 44.99958367232466
srtm_57_04 99.99958357546711 45.00041688458606 105.00041690880045 39.99958355125273
srtm_57_05 99.99958357546711 40.000416763514124 105.00041690880045 34.99958343018079
srtm_57_06 99.99958357546711 35.00041664244219 105.00041690880045 29.999583309108857
srtm_57_07 99.99958357546711 30.000417247801863 105.00041690880045 24.99958391446853
srtm_57_08 99.99958357546711 25.00041712672993 105.00041690880045 19.999583793396596
srtm_57_09 99.99958357546711 20.000417005657994 105.00041690880045 14.999583672324661
srtm_57_10 99.99958357546711 15.000416884586059 105.00041690880045 9.999583551252726
srtm_57_11 99.99958357546711 10.000416763514124 105.00041690880045 4.999583430180791
srtm_57_12 99.99958357546711 5.0004166424421905 105.00041690880045 -0.00041669089114293456
srtm_57_13 99.99958343018079 0.0004172478018640291 105.00041676351412 -5.000416085531469
srtm_57_14 99.99958343018079 -4.999582873270071 105.00041676351412 -10.000416206603404
srtm_58_01 104.99958369653905 60.00041724780186 110.00041702987238 54.99958391446853
srtm_58_02 104.99958369653905 55.00041712672993 110.00041702987238 49.999583793396596
srtm_58_03 104.99958369653905 50.000417005657994 110.00041702987238 44.99958367232466
srtm_58_04 104.99958369653905 45.00041688458606 110.00041702987238 39.99958355125273
srtm_58_05 104.99958369653905 40.000416763514124 110.00041702987238 34.99958343018079
srtm_58_06 104.99958369653905 35.00041664244219 110.00041702987238 29.999583309108857
srtm_58_07 104.99958369653905 30.000417247801863 110.00041702987238 24.99958391446853
srtm_58_08 104.99958369653905 25.00041712672993 110.00041702987238 19.999583793396596
srtm_58_09 104.99958369653905 20.000417005657994 110.00041702987238 14.999583672324661
srtm_58_10 104.99958369653905 15.000416884586059 110.00041702987238 9.999583551252726
srtm_58_11 104.99958369653905 10.000416763514124 110.00041702987238 4.999583430180791
srtm_58_12 104.99958369653905 5.0004166424421905 110.00041702987238 -0.00041669089114293456
srtm_58_13 104.99958355125273 0.0004172478018640291 110.00041688458606 -5.000416085531469
srtm_58_14 104.99958355125273 -4.999582873270071 110.00041688458606 -10.000416206603404
srtm_58_15 104.99958355125273 -9.999582994342006 110.00041688458606 -15.000416327675339
srtm_59_01 109.99958381761098 60.00041724780186 115.00041715094432 54.99958391446853
srtm_59_02 109.99958381761098 55.00041712672993 115.00041715094432 49.999583793396596
srtm_59_03 109.99958381761098 50.000417005657994 115.00041715094432 44.99958367232466
srtm_59_04 109.99958381761098 45.00041688458606 115.00041715094432 39.99958355125273
srtm_59_05 109.99958381761098 40.000416763514124 115.00041715094432 34.99958343018079
srtm_59_06 109.99958381761098 35.00041664244219 115.00041715094432 29.999583309108857
srtm_59_07 109.99958381761098 30.000417247801863 115.00041715094432 24.99958391446853
srtm_59_08 109.99958381761098 25.00041712672993 115.00041715094432 19.999583793396596
srtm_59_09 109.99958381761098 20.000417005657994 115.00041715094432 14.999583672324661
srtm_59_10 109.99958381761098 15.000416884586059 115.00041715094432 9.999583551252726
srtm_59_11 109.99958381761098 10.000416763514124 115.00041715094432 4.999583430180791
srtm_59_12 109.99958381761098 5.0004166424421905 115.00041715094432 -0.00041669089114293456
srtm_59_13 109.99958367232466 0.0004172478018640291 115.000417005658 -5.000416085531469
srtm_59_14 109.99958367232466 -4.999582873270071 115.000417005658 -10.000416206603404
srtm_59_17 109.99958367232466 -19.999583236485876 115.000417005658 -25.00041656981921
srtm_59_18 109.99958367232466 -24.99958335755781 115.000417005658 -30.000416690891143
srtm_59_19 109.9995832364657 -29.999583333343423 115.00041656979903 -35.000416666676756
srtm_60_01 114.99958393868292 60.00041724780186 120.00041727201625 54.99958391446853
srtm_60_02 114.99958393868292 55.00041712672993 120.00041727201625 49.999583793396596
srtm_60_03 114.99958393868292 50.000417005657994 120.00041727201625 44.99958367232466
srtm_60_04 114.99958393868292 45.00041688458606 120.00041727201625 39.99958355125273
srtm_60_05 114.99958393868292 40.000416763514124 120.00041727201625 34.99958343018079
srtm_60_06 114.99958393868292 35.00041664244219 120.00041727201625 29.999583309108857
srtm_60_07 114.99958393868292 30.000417247801863 120.00041727201625 24.99958391446853
srtm_60_08 114.99958393868292 25.00041712672993 120.00041727201625 19.999583793396596
srtm_60_09 114.99958393868292 20.000417005657994 120.00041727201625 14.999583672324661
srtm_60_10 114.99958393868292 15.000416884586059 120.00041727201625 9.999583551252726
srtm_60_11 114.99958393868292 10.000416763514124 120.00041727201625 4.999583430180791
srtm_60_12 114.99958393868292 5.0004166424421905 120.00041727201625 -0.00041669089114293456
srtm_60_13 114.9995837933966 0.0004172478018640291 120.00041712672993 -5.000416085531469
srtm_60_14 114.9995837933966 -4.999582873270071 120.00041712672993 -10.000416206603404
srtm_60_15 114.9995837933966 -9.999582994342006 120.00041712672993 -15.000416327675339
srtm_60_16 114.9995837933966 -14.999583115413941 120.00041712672993 -20.000416448747274
srtm_60_17 114.9995837933966 -19.999583236485876 120.00041712672993 -25.00041656981921
srtm_60_18 114.9995837933966 -24.99958335755781 120.00041712672993 -30.000416690891143
srtm_60_19 114.99958335753763 -29.999583333343423 120.00041669087096 -35.000416666676756
srtm_60_20 114.99958335753763 -34.99958345441536 120.00041669087096 -40.00041678774869
srtm_61_01 119.99958333332324 60.00041724780186 125.00041666665658 54.99958391446853
srtm_61_02 119.99958333332324 55.00041712672993 125.00041666665658 49.999583793396596
srtm_61_03 119.99958333332324 50.000417005657994 125.00041666665658 44.99958367232466
srtm_61_04 119.99958333332324 45.00041688458606 125.00041666665658 39.99958355125273
srtm_61_05 119.99958333332324 40.000416763514124 125.00041666665658 34.99958343018079
srtm_61_06 119.99958333332324 35.00041664244219 125.00041666665658 29.999583309108857
srtm_61_07 119.99958333332324 30.000417247801863 125.00041666665658 24.99958391446853
srtm_61_08 119.99958333332324 25.00041712672993 125.00041666665658 19.999583793396596
srtm_61_09 119.99958333332324 20.000417005657994 125.00041666665658 14.999583672324661
srtm_61_10 119.99958333332324 15.000416884586059 125.00041666665658 9.999583551252726
srtm_61_11 119.99958333332324 10.000416763514124 125.00041666665658 4.999583430180791
srtm_61_12 119.99958333332324 5.0004166424421905 125.00041666665658 -0.00041669089114293456
srtm_61_13 119.99958333332324 0.0004172478018640291 125.00041666665658 -5.000416085531469
srtm_61_14 119.99958333332324 -4.999582873270071 125.00041666665658 -10.000416206603404
srtm_61_15 119.99958333332324 -9.999582994342006 125.00041666665658 -15.000416327675339
srtm_61_16 119.99958333332324 -14.999583115413941 125.00041666665658 -20.000416448747274
srtm_61_17 119.99958333332324 -19.999583236485876 125.00041666665658 -25.00041656981921
srtm_61_18 119.99958333332324 -24.99958335755781 125.00041666665658 -30.000416690891143
srtm_61_19 119.99958333332324 -29.999583139628328 125.00041666665658 -35.00041647296166
srtm_62_01 124.99958345439518 60.00041724780186 130.0004167877285 54.99958391446853
srtm_62_02 124.99958345439518 55.00041712672993 130.0004167877285 49.999583793396596
srtm_62_03 124.99958345439518 50.000417005657994 130.0004167877285 44.99958367232466
srtm_62_04 124.99958345439518 45.00041688458606 130.0004167877285 39.99958355125273
srtm_62_05 124.99958345439518 40.000416763514124 130.0004167877285 34.99958343018079
srtm_62_06 124.99958345439518 35.00041664244219 130.0004167877285 29.999583309108857
srtm_62_07 124.99958345439518 30.000417247801863 130.0004167877285 24.99958391446853
srtm_62_08 124.99958345439518 25.00041712672993 130.0004167877285 19.999583793396596
srtm_62_10 124.99958345439518 15.000416884586059 130.0004167877285 9.999583551252726
srtm_62_11 124.99958345439518 10.000416763514124 130.0004167877285 4.999583430180791
srtm_62_12 124.99958345439518 5.0004166424421905 130.0004167877285 -0.00041669089114293456
srtm_62_13 124.99958345439518 0.0004172478018640291 130.0004167877285 -5.000416085531469
srtm_62_14 124.99958345439518 -4.999582873270071 130.0004167877285 -10.000416206603404
srtm_62_15 124.99958345439518 -9.999582994342006 130.0004167877285 -15.000416327675339
srtm_62_16 124.99958345439518 -14.999583115413941 130.0004167877285 -20.000416448747274
srtm_62_17 124.99958345439518 -19.999583236485876 130.0004167877285 -25.00041656981921
srtm_62_18 124.99958345439518 -24.99958335755781 130.0004167877285 -30.000416690891143
srtm_62_19 124.99958345439518 -29.999583139628328 130.0004167877285 -35.00041647296166
srtm_63_01 129.9995835754671 60.00041724780186 135.00041690880045 54.99958391446853
srtm_63_02 129.9995835754671 55.00041712672993 135.00041690880045 49.999583793396596
srtm_63_03 129.9995835754671 50.000417005657994 135.00041690880045 44.99958367232466
srtm_63_04 129.9995835754671 45.00041688458606 135.00041690880045 39.99958355125273
srtm_63_05 129.9995835754671 40.000416763514124 135.00041690880045 34.99958343018079
srtm_63_06 129.9995835754671 35.00041664244219 135.00041690880045 29.999583309108857
srtm_63_07 129.9995835754671 30.000417247801863 135.00041690880045 24.99958391446853
srtm_63_08 129.9995835754671 25.00041712672993 135.00041690880045 19.999583793396596
srtm_63_11 129.9995835754671 10.000416763514124 135.00041690880045 4.999583430180791
srtm_63_12 129.9995835754671 5.0004166424421905 135.00041690880045 -0.00041669089114293456
srtm_63_13 129.9995835754671 0.0004172478018640291 135.00041690880045 -5.000416085531469
srtm_63_14 129.9995835754671 -4.999582873270071 135.00041690880045 -10.000416206603404
srtm_63_15 129.9995835754671 -9.999582994342006 135.00041690880045 -15.000416327675339
srtm_63_16 129.9995835754671 -14.999583115413941 135.00041690880045 -20.000416448747274
srtm_63_17 129.9995835754671 -19.999583236485876 135.00041690880045 -25.00041656981921
srtm_63_18 129.9995835754671 -24.99958335755781 135.00041690880045 -30.000416690891143
srtm_63_19 129.9995835754671 -29.999583139628328 135.00041690880045 -35.00041647296166
srtm_64_01 134.99958369653905 60.00041724780186 140.00041702987238 54.99958391446853
srtm_64_02 134.99958369653905 55.00041712672993 140.00041702987238 49.999583793396596
srtm_64_03 134.99958369653905 50.000417005657994 140.00041702987238 44.99958367232466
srtm_64_04 134.99958369653905 45.00041688458606 140.00041702987238 39.99958355125273
srtm_64_05 134.99958369653905 40.000416763514124 140.00041702987238 34.99958343018079
srtm_64_06 134.99958369653905 35.00041664244219 140.00041702987238 29.999583309108857
srtm_64_08 134.99958369653905 25.00041712672993 140.00041702987238 19.999583793396596
srtm_64_10 134.99958369653905 15.000416884586059 140.00041702987238 9.999583551252726
srtm_64_11 134.99958369653905 10.000416763514124 140.00041702987238 4.999583430180791
srtm_64_13 134.99958369653905 0.0004172478018640291 140.00041702987238 -5.000416085531469
srtm_64_14 134.99958369653905 -4.999582873270071 140.00041702987238 -10.000416206603404
srtm_64_15 134.99958369653905 -9.999582994342006 140.00041702987238 -15.000416327675339
srtm_64_16 134.99958369653905 -14.999583115413941 140.00041702987238 -20.000416448747274
srtm_64_17 134.99958369653905 -19.999583236485876 140.00041702987238 -25.00041656981921
srtm_64_18 134.99958369653905 -24.99958335755781 140.00041702987238 -30.000416690891143
srtm_64_19 134.99958369653905 -29.999583139628328 140.00041702987238 -35.00041647296166
srtm_64_20 134.99958369653905 -34.99958326070026 140.00041702987238 -40.000416594033595
srtm_65_01 139.99958381761098 60.00041724780186 145.00041715094432 54.99958391446853
srtm_65_02 139.99958381761098 55.00041712672993 145.00041715094432 49.999583793396596
srtm_65_03 139.99958381761098 50.000417005657994 145.00041715094432 44.99958367232466
srtm_65_04 139.99958381761098 45.00041688458606 145.00041715094432 39.99958355125273
srtm_65_05 139.99958381761098 40.000416763514124 145.00041715094432 34.99958343018079
srtm_65_06 139.99958381761098 35.00041664244219 145.00041715094432 29.999583309108857
srtm_65_07 139.99958381761098 30.000417247801863 145.00041715094432 24.99958391446853
srtm_65_08 139.99958381761098 25.00041712672993 145.00041715094432 19.999583793396596
srtm_65_10 139.99958381761098 15.000416884586059 145.00041715094432 9.999583551252726
srtm_65_11 139.99958381761098 10.000416763514124 145.00041715094432 4.999583430180791
srtm_65_13 139.99958381761098 0.0004172478018640291 145.00041715094432 -5.000416085531469
srtm_65_14 139.99958381761098 -4.999582873270071 145.00041715094432 -10.000416206603404
srtm_65_15 139.99958381761098 -9.999582994342006 145.00041715094432 -15.000416327675339
srtm_65_16 139.99958381761098 -14.999583115413941 145.00041715094432 -20.000416448747274
srtm_65_17 139.99958381761098 -19.999583236485876 145.00041715094432 -25.00041656981921
srtm_65_18 139.99958381761098 -24.99958335755781 145.00041715094432 -30.000416690891143
srtm_65_19 139.99958381761098 -29.999583139628328 145.00041715094432 -35.00041647296166
srtm_65_20 139.99958381761098 -34.99958326070026 145.00041715094432 -40.000416594033595
srtm_65_21 139.99958381761098 -39.9995833817722 145.00041715094432 -45.00041671510553
srtm_66_01 144.99958393868292 60.00041724780186 150.00041727201625 54.99958391446853
srtm_66_03 144.99958393868292 50.000417005657994 150.00041727201625 44.99958367232466
srtm_66_04 144.99958393868292 45.00041688458606 150.00041727201625 39.99958355125273
srtm_66_08 144.99958393868292 25.00041712672993 150.00041727201625 19.999583793396596
srtm_66_09 144.99958393868292 20.000417005657994 150.00041727201625 14.999583672324661
srtm_66_10 144.99958393868292 15.000416884586059 150.00041727201625 9.999583551252726
srtm_66_11 144.99958393868292 10.000416763514124 150.00041727201625 4.999583430180791
srtm_66_13 144.99958393868292 0.0004172478018640291 150.00041727201625 -5.000416085531469
srtm_66_14 144.99958393868292 -4.999582873270071 150.00041727201625 -10.000416206603404
srtm_66_15 144.99958393868292 -9.999582994342006 150.00041727201625 -15.000416327675339
srtm_66_16 144.99958393868292 -14.999583115413941 150.00041727201625 -20.000416448747274
srtm_66_17 144.99958393868292 -19.999583236485876 150.00041727201625 -25.00041656981921
srtm_66_18 144.99958393868292 -24.99958335755781 150.00041727201625 -30.000416690891143
srtm_66_19 144.99958393868292 -29.999583139628328 150.00041727201625 -35.00041647296166
srtm_66_20 144.99958393868292 -34.99958326070026 150.00041727201625 -40.000416594033595
srtm_66_21 144.99958393868292 -39.9995833817722 150.00041727201625 -45.00041671510553
srtm_67_01 149.99958333332324 60.00041688458606 155.00041666665658 54.99958355125273
srtm_67_02 149.99958333332324 55.000416763514124 155.00041666665658 49.99958343018079
srtm_67_03 149.99958333332324 50.00041664244219 155.00041666665658 44.99958330910886
srtm_67_08 149.99958333332324 25.00041712672993 155.00041666665658 19.999583793396596
srtm_67_11 149.99958333332324 10.000416763514124 155.00041666665658 4.999583430180791
srtm_67_12 149.99958333332324 5.0004166424421905 155.00041666665658 -0.00041669089114293456
srtm_67_13 149.99958333332324 0.0004172478018640291 155.00041666665658 -5.000416085531469
srtm_67_14 149.99958333332324 -4.999582873270071 155.00041666665658 -10.000416206603404
srtm_67_15 149.99958333332324 -9.999582994342006 155.00041666665658 -15.000416327675339
srtm_67_16 149.99958333332324 -14.999583115413941 155.00041666665658 -20.000416448747274
srtm_67_17 149.99958333332324 -19.999583236485876 155.00041666665658 -25.00041656981921
srtm_67_18 149.99958333332324 -24.99958335755781 155.00041666665658 -30.000416690891143
srtm_67_19 149.99958333332324 -29.999582849055685 155.00041666665658 -35.00041618238902
srtm_67_20 149.99958333332324 -34.99958297012762 155.00041666665658 -40.00041630346095
srtm_68_01 154.99958345439518 60.00041688458606 160.0004167877285 54.99958355125273
srtm_68_02 154.99958345439518 55.000416763514124 160.0004167877285 49.99958343018079
srtm_68_03 154.99958345439518 50.00041664244219 160.0004167877285 44.99958330910886
srtm_68_11 154.99958345439518 10.000416763514124 160.0004167877285 4.999583430180791
srtm_68_13 154.99958345439518 0.0004172478018640291 160.0004167877285 -5.000416085531469
srtm_68_14 154.99958345439518 -4.999582873270071 160.0004167877285 -10.000416206603404
srtm_68_15 154.99958345439518 -9.999582994342006 160.0004167877285 -15.000416327675339
srtm_68_16 154.99958345439518 -14.999583115413941 160.0004167877285 -20.000416448747274
srtm_68_17 154.99958345439518 -19.999583236485876 160.0004167877285 -25.00041656981921
srtm_68_19 154.99958345439518 -29.999582849055685 160.0004167877285 -35.00041618238902
srtm_68_23 154.99958345439518 -49.99958333334342 160.0004167877285 -55.000416666676756
srtm_68_24 154.99958345439518 -54.99958345441536 160.0004167877285 -60.00041678774869
srtm_69_01 159.9995835754671 60.00041688458606 165.00041690880045 54.99958355125273
srtm_69_02 159.9995835754671 55.000416763514124 165.00041690880045 49.99958343018079
srtm_69_10 159.9995835754671 15.000416884586059 165.00041690880045 9.999583551252726
srtm_69_11 159.9995835754671 10.000416763514124 165.00041690880045 4.999583430180791
srtm_69_14 159.9995835754671 -4.999582873270071 165.00041690880045 -10.000416206603404
srtm_69_15 159.9995835754671 -9.999582994342006 165.00041690880045 -15.000416327675339
srtm_69_16 159.9995835754671 -14.999583115413941 165.00041690880045 -20.000416448747274
srtm_69_17 159.9995835754671 -19.999583236485876 165.00041690880045 -25.00041656981921
srtm_70_01 164.99958369653905 60.00041688458606 170.00041702987238 54.99958355125273
srtm_70_02 164.99958369653905 55.000416763514124 170.00041702987238 49.99958343018079
srtm_70_09 164.99958369653905 20.000417005657994 170.00041702987238 14.999583672324661
srtm_70_10 164.99958369653905 15.000416884586059 170.00041702987238 9.999583551252726
srtm_70_11 164.99958369653905 10.000416763514124 170.00041702987238 4.999583430180791
srtm_70_12 164.99958369653905 5.0004166424421905 170.00041702987238 -0.00041669089114293456
srtm_70_13 164.99958369653905 0.0004172478018640291 170.00041702987238 -5.000416085531469
srtm_70_14 164.99958369653905 -4.999582873270071 170.00041702987238 -10.000416206603404
srtm_70_15 164.99958369653905 -9.999582994342006 170.00041702987238 -15.000416327675339
srtm_70_16 164.99958369653905 -14.999583115413941 170.00041702987238 -20.000416448747274
srtm_70_17 164.99958369653905 -19.999583236485876 170.00041702987238 -25.00041656981921
srtm_70_18 164.99958369653905 -24.99958335755781 170.00041702987238 -30.000416690891143
srtm_70_21 164.99958369653905 -39.999583091199554 170.00041702987238 -45.00041642453289
srtm_70_22 164.99958369653905 -44.99958321227149 170.00041702987238 -50.00041654560482
srtm_70_23 164.99958369653905 -49.99958333334342 170.00041702987238 -55.000416666676756
srtm_71_02 169.99958381761098 55.000416763514124 175.00041715094432 49.99958343018079
srtm_71_10 169.99958381761098 15.000416884586059 175.00041715094432 9.999583551252726
srtm_71_11 169.99958381761098 10.000416763514124 175.00041715094432 4.999583430180791
srtm_71_12 169.99958381761098 5.0004166424421905 175.00041715094432 -0.00041669089114293456
srtm_71_13 169.99958381761098 0.0004172478018640291 175.00041715094432 -5.000416085531469
srtm_71_15 169.99958381761098 -9.999582994342006 175.00041715094432 -15.000416327675339
srtm_71_16 169.99958381761098 -14.999583115413941 175.00041715094432 -20.000416448747274
srtm_71_17 169.99958381761098 -19.999583236485876 175.00041715094432 -25.00041656981921
srtm_71_19 169.99958381761098 -29.999582849055685 175.00041715094432 -35.00041618238902
srtm_71_20 169.99958381761098 -34.99958297012762 175.00041715094432 -40.00041630346095
srtm_71_21 169.99958381761098 -39.999583091199554 175.00041715094432 -45.00041642453289
srtm_71_22 169.99958381761098 -44.99958321227149 175.00041715094432 -50.00041654560482
srtm_72_02 174.99958393868292 55.000416763514124 180.00041727201625 49.99958343018079
srtm_72_13 174.99958393868292 0.0004172478018640291 180.00041727201625 -5.000416085531469
srtm_72_14 174.99958393868292 -4.999582873270071 180.00041727201625 -10.000416206603404
srtm_72_15 174.99958393868292 -9.999582994342006 180.00041727201625 -15.000416327675339
srtm_72_16 174.99958393868292 -14.999583115413941 180.00041727201625 -20.000416448747274
srtm_72_20 174.99958393868292 -34.99958297012762 180.00041727201625 -40.00041630346095
srtm_72_21 174.99958393868292 -39.999583091199554 180.00041727201625 -45.00041642453289
srtm_72_22 174.99958393868292 -44.99958321227149 180.00041727201625 -50.00041654560482
