LC80010812013365LGN00_18_data.tif -71.70464358443233 -30.343946253332586 -71.39944251082414 -30.620509408267377
LC80020622013244LGN00_32_data.tif -67.29155459679619 -2.1703740702426595 -67.02152601990917 -2.4412956094153624
LC80050152014172LGN00_12_data.tif -49.57688951605209 63.8403099827333 -48.98658133014339 63.56395966727349
LC80050562014076LGN00_33_data.tif -69.45199482836634 6.24220501094867 -69.18070854345886 5.970980759003319
LC80150242014146LGN00_23_data.tif -73.10730372303412 51.97545525075195 -72.68475067561583 51.69811444490607
LC80190352014078LGN01_26_data.tif -83.89506270287423 36.289962001695955 -83.55255717392787 36.02738134949052
LC80200462014213LGN00_11_data.tif -89.1954613959563 19.792389209638994 -88.9060193455698 19.524717169257737
LC80250402013245LGN00_45_data.tif -95.68996225190043 29.803077830285698 -95.37345486983722 29.538512057820693
LC80250482014072LGN00_18_data.tif -98.05873432707777 17.363381675922188 -97.7781794143398 17.090734625073363
LC80310432013207LGN00_11_data.tif -105.19685228900921 24.142342204035728 -104.90177962620335 23.871469398195675
LC80320282013182LGN00_30_data.tif -101.59673119079643 46.294079851020236 -101.19676937739038 46.03245829282313
LC80340412013132LGN01_20_data.tif -109.98612974132595 27.660446668163 -109.68525148679466 27.38712261162966
LC80380362013144LGN00_26_data.tif -113.51036566032337 34.67616765501335 -113.17610063929295 34.41212368034337
LC80390152013215LGN00_17_data.tif -102.48626259192805 64.07477435558235 -101.84463724735613 63.819315799292106
LC80430352013243LGN00_31_data.tif -121.54680743461462 36.586627866975455 -121.21778518191329 36.31174221674032
LC80470252014226LGN00_11_data.tif -122.44380831695076 49.831097636945664 -122.03208788484311 49.55854851825052
LC80500162014247LGN00_21_data.tif -119.74053186912577 62.74360327023228 -119.13441384226061 62.48473993711607
LC80630462013191LGN00_11_data.tif -156.05377197401415 19.77978162578965 -155.76310052524798 19.513647109699143
LC80750722014022LGN00_16_data.tif 177.37652184271823 -17.365243051962 177.65988049548483 -17.635666691881195
LC80750962014038LGN00_14_data.tif 166.09909263364767 -50.77157944651807 166.53324315225217 -51.0364788786178
LC80760912014013LGN00_25_data.tif 168.11195500763844 -44.39677014953829 168.47663491484883 -44.67549020455812
LC80800142014169LGN00_05_data.tif -163.52008238132802 64.91679107284551 -162.90722240933096 64.64013612957206
LC80900832013220LGN00_28_data.tif 150.22415535937373 -32.77720849644081 150.536691307393 -33.05426030923092
LC80910892014006LGN00_44_data.tif 145.33766006013445 -40.909130997499695 145.68842047495002 -41.18388962487037
LC80940802014092LGN00_17_data.tif 145.56256258433362 -29.010493443328247 145.8675633175864 -29.28415506440317
LC80980732014008LGN00_31_data.tif 141.09470525616365 -18.45022077556469 141.37941780760013 -18.721002806623574
LC81020642014004LGN00_32_data.tif 137.5733247919725 -5.147597569432555 137.84218884800944 -5.419977538955791
LC81060772014064LGN00_17_data.tif 127.31987687971716 -24.674977478772984 127.61328240900862 -24.948861553858013
LC81110822013288LGN00_11_data.tif 118.06170821437973 -32.26225601036993 118.38427274682896 -32.52973635299867
LC81130672013142LGN01_26_data.tif 120.35671438416233 -9.759891215775843 120.6280410973613 -10.033008279338148
LC81140272013261LGN00_32_data.tif 132.7244641341363 47.920766135173906 133.13546222884207 47.65823842591392
LC81140622013277LGN00_23_data.tif 119.58327136790959 -2.7093239771171187 119.85199183379015 -2.9810590540319697
LC81180602014116LGN00_29_data.tif 114.9334072168621 0.542483231935264 115.2029271720101 0.27128499873330236
LC81220242014240LGN00_25_data.tif 122.27619713416058 51.7187009474762 122.71217780349379 51.45082894301631
LC81230362013276LGN00_19_data.tif 115.15015122902777 34.417494758993385 115.48135673018723 34.151536740005064
LC81250542014181LGN00_39_data.tif 105.63774566805743 9.49822870912408 105.9103386021452 9.226310762674316
LC81250622013178LGN01_08_data.tif 102.66034761969284 -3.25427026310735 102.92960422206926 -3.526094601962743
LC81280422014074LGN00_16_data.tif 104.20221167866251 25.76588842953606 104.50249434387386 25.496321442488252
LC81330492014141LGN00_26_data.tif 95.05585780917158 15.999786377367911 95.33292460853416 15.725932748613733
LC81340422013257LGN00_16_data.tif 94.89873642540334 26.02649742378744 95.19336292924362 25.75154847786558
LC81360162013159LGN00_18_data.tif 106.95817760017155 62.75668748125364 107.5220757189557 62.478272157764856
LC81360162014210LGN00_32_data.tif 106.99461794927261 63.29488221822545 107.5684401694101 63.01627735101795
LC81370412014105LGN00_30_data.tif 90.66295475232864 27.91515012057727 90.97264655492873 27.649327135218936
LC81370452014073LGN00_23_data.tif 89.32212666723106 21.93326219154568 89.61844617994754 21.66893339382382
LC81400372014158LGN00_27_data.tif 88.07799968024992 33.615089173273695 88.39697598384235 33.34133884124133
LC81460442013293LGN00_38_data.tif 75.98214809338761 23.86836799437145 76.27410546096384 23.595296161390934
LC81480352013195LGN00_32_data.tif 76.12183334595468 36.86063818317384 76.45319256538541 36.586627866975455
LC81490372013362LGN00_39_data.tif 74.13486316270087 33.887327862320085 74.46096891931859 33.618612316269314
LC81500412014244LGN00_18_data.tif 71.2245166982323 27.375582458266674 71.5215269022295 27.099834855243632
LC81500442013145LGN00_16_data.tif 70.26894904543036 23.053445759728007 70.55860588794764 22.779919382190027
LC81540102013205LGN00_18_data.tif 88.07753480522668 70.57183980481295 88.86053956862115 70.29642192181599
LC81550232014135LGN00_26_data.tif 72.4481951846595 53.31186096847653 72.91128727308272 53.05114710602654
LC81580442014140LGN00_21_data.tif 57.68470445021961 23.32803921917808 57.976152386812736 23.055524872470173
LC81610712013222LGN00_09_data.tif 44.532019848272164 -16.28031582485551 44.8125464169106 -16.551950811999117
LC81660432014100LGN00_35_data.tif 46.5847640993086 24.946886195104785 46.87770563094651 24.672636705421294
LC81670512014091LGN00_32_data.tif 41.58712424224156 13.555047151757359 41.86087195730209 13.281091876121446
LC81700252014080LGN00_27_data.tif 47.26187470121742 50.61990527349872 47.670281974696586 50.341400736779725
LC81700802014016LGN00_23_data.tif 27.102421389768672 -28.747359158283643 27.410745442847904 -29.017553988358145
LC81720642014334LGN00_25_data.tif 29.79850882225169 -5.6928214733296985 30.07055395791491 -5.962443067269374
LC81730542014277LGN00_23_data.tif 30.908185352070525 8.950201401343818 31.182255910816238 8.680424171053845
LC81730742014085LGN00_11_data.tif 25.08083808162494 -20.608504141226533 25.36570794024507 -20.88242709950797
LC81750832014067LGN00_24_data.tif 18.53669130739299 -33.05426030923092 18.85118599621667 -33.33060385911682
LC81800332013147LGN00_33_data.tif 27.814928068141455 39.56684358079118 28.159636422450117 39.293605052002
LC81810592013218LGN00_05_data.tif 17.785066178779754 0.8132895558973534 18.054173074994313 0.5420624598568046
LC81830242014091LGN00_16_data.tif 27.14391183032329 51.45109388948066 27.572266805120535 51.18002233256435
LC81830642014203LGN00_16_data.tif 12.380650475181152 -5.964775575727751 12.650273122089974 -6.237157011358221
LC81860432014224LGN00_19_data.tif 15.098635319344142 24.413395775208624 15.393701854796147 24.141961444716287
LC81950282013156LGN00_33_data.tif 7.564201578870355 46.584553573012634 7.960851940087952 46.3188537366984
LC81950502014223LGN00_22_data.tif -1.2357887009274329 14.64679154292986 -0.9598314653901724 14.373438399129645
LC82010332014105LGN00_34_data.tif -4.280511924721597 39.56264585680618 -3.927741141198183 39.29568397596586
LC82160662014146LGN00_14_data.tif -39.1818054874123 -8.68471290106149 -38.9090307458257 -8.956100386545122
LC82170152014249LGN00_38_data.tif -17.324893539346878 64.90599996863926 -16.674465578666098 64.64546674044118
LC82210662014229LGN00_18_data.tif -46.545156508613026 -8.681625958762574 -46.27346203441261 -8.953921028854191
LC82260732013357LGN00_32_data.tif -56.90544208527612 -18.1790708198983 -56.62118183607107 -18.449866178423626
LC82290562014157LGN00_24_data.tif -56.09649385839485 5.970268508712533 -55.82604069515779 5.698422789142509
LC82290782013282LGN00_12_data.tif -62.599257170518555 -26.309303674158286 -62.297072219444324 -26.579007772034313
LC82290872014013LGN00_20_data.tif -65.76751363183521 -38.98424372276105 -65.4080882534357 -39.243947752496155
LC82310942013344LGN00_17_data.tif -73.22228158121088 -49.00919092208581 -72.8004168189239 -49.27180774789761
LC82320772014306LGN00_38_data.tif -67.42870330637012 -23.863482358205978 -67.13028794495087 -24.131019092417812
